-6.003347873687744141e+00;-1.482579231262207031e+00
-5.048886299133300781e+00;-4.854177832603454590e-01
-5.775488853454589844e+00;-1.335145473480224609e+00
-4.401725292205810547e+00;-1.023502349853515625e+00
-7.426707267761230469e+00;-5.235437154769897461e-01
-4.498646259307861328e+00;-8.802391290664672852e-01
-6.450856208801269531e+00;-4.633177518844604492e-01
-4.636234283447265625e+00;-1.744985699653625488e+00
-4.784417152404785156e+00;-2.711040735244750977e+00
-5.284095764160156250e+00;-1.937790989875793457e+00
-5.131609916687011719e+00;-1.871861100196838379e+00
-3.499723434448242188e+00;2.810214161872863770e-01
-5.912755489349365234e+00;1.906129568815231323e-01
-5.721833229064941406e+00;1.810447871685028076e-02
-4.809433460235595703e+00;-1.219000816345214844e+00
-4.895482063293457031e+00;-3.125840187072753906e+00
-4.586969375610351562e+00;-4.253509044647216797e-01
-4.575686931610107422e+00;-1.916280090808868408e-01
-5.120952606201171875e+00;-1.727909922599792480e+00
-5.181050777435302734e+00;-1.600680947303771973e+00
-3.981774330139160156e+00;-1.904812335968017578e+00
-6.335183620452880859e+00;-1.096581578254699707e+00
-4.808399677276611328e+00;-3.486696258187294006e-02
-3.220782279968261719e+00;-2.390168905258178711e+00
-5.089574813842773438e+00;-8.662284612655639648e-01
-3.336366176605224609e+00;-1.435757517814636230e+00
-4.906131267547607422e+00;-1.304035186767578125e+00
-4.128046989440917969e+00;-6.172078251838684082e-01
-3.987160682678222656e+00;3.815464079380035400e-01
-5.188350200653076172e+00;-6.973163485527038574e-01
-4.515800476074218750e+00;-9.904044866561889648e-02
-4.531922817230224609e+00;-2.327109813690185547e+00
-5.187560558319091797e+00;-1.019979834556579590e+00
-4.225311279296875000e+00;-1.072569131851196289e+00
-5.309086322784423828e+00;-2.047195196151733398e+00
-4.424929141998291016e+00;-7.285534143447875977e-01
-3.886084556579589844e+00;-1.842203378677368164e+00
-3.517281770706176758e+00;-2.794170975685119629e-01
-3.056942224502563477e+00;-1.697645664215087891e+00
-5.484703540802001953e+00;-1.685188055038452148e+00
-6.418611526489257812e+00;-1.308141946792602539e+00
-3.734111309051513672e+00;-1.570283651351928711e+00
-4.674445152282714844e+00;-1.472453713417053223e+00
-4.008558273315429688e+00;-1.034103274345397949e+00
-6.488925457000732422e+00;-1.513346672058105469e+00
-5.283184528350830078e+00;-1.322533369064331055e+00
-6.428672313690185547e+00;-5.594577789306640625e-01
-3.311359167098999023e+00;-2.049026966094970703e+00
-4.777895450592041016e+00;-1.437186747789382935e-01
-4.436630249023437500e+00;-3.911010921001434326e-01
-4.169971466064453125e+00;-9.386557936668395996e-01
-1.500088453292846680e+00;-1.719032764434814453e+00
-5.344399929046630859e+00;-2.053236961364746094e+00
-5.796645164489746094e+00;-1.133588910102844238e+00
-4.581059455871582031e+00;-5.612779855728149414e-01
-4.789792060852050781e+00;-9.220609068870544434e-01
-5.119808673858642578e+00;-1.445984840393066406e+00
-5.561976432800292969e+00;-1.205935239791870117e+00
-4.351951599121093750e+00;-1.158617496490478516e+00
-3.591162443161010742e+00;-1.582185268402099609e+00
-3.754208087921142578e+00;-7.516074180603027344e-01
-5.969812870025634766e+00;-8.890092372894287109e-01
-3.895885705947875977e+00;-1.392289996147155762e+00
-5.547602653503417969e+00;-1.070031046867370605e+00
-5.409006595611572266e+00;-1.500977873802185059e+00
-4.439760208129882812e+00;4.823459684848785400e-01
-5.653215885162353516e+00;7.500278949737548828e-01
-5.452623367309570312e+00;-1.561565637588500977e+00
-5.793613433837890625e+00;-6.563900709152221680e-01
-2.726983785629272461e+00;-1.397988080978393555e+00
-4.983862400054931641e+00;-2.789399325847625732e-01
-5.593812942504882812e+00;-2.293661117553710938e+00
-6.202566146850585938e+00;-7.159039974212646484e-01
-3.100213766098022461e+00;-7.060738801956176758e-01
-4.556303977966308594e+00;3.703531622886657715e-01
-5.389187335968017578e+00;-1.522482156753540039e+00
-4.286643505096435547e+00;-1.925603866577148438e+00
-4.339397430419921875e+00;-2.127668857574462891e+00
-4.309931755065917969e+00;2.454151213169097900e-02
-4.833517074584960938e+00;-1.128056406974792480e+00
-6.657946109771728516e+00;-7.056478261947631836e-01
-4.014782428741455078e+00;2.392292022705078125e-01
-5.537977218627929688e+00;-4.724439382553100586e-01
-5.609581470489501953e+00;-1.475324869155883789e+00
-3.932464838027954102e+00;-6.855708956718444824e-01
-4.829412460327148438e+00;-1.211126327514648438e+00
-4.535456657409667969e+00;-8.158204704523086548e-02
-6.312167167663574219e+00;-1.723187685012817383e+00
-5.880772113800048828e+00;-7.958101034164428711e-01
-4.776941299438476562e+00;-1.722533941268920898e+00
-4.893912315368652344e+00;-1.149495601654052734e+00
-5.734643459320068359e+00;-9.535000324249267578e-01
-5.937563419342041016e+00;-2.022825002670288086e+00
-4.207261085510253906e+00;-2.925348877906799316e-01
-2.727877140045166016e+00;-8.878885507583618164e-01
-5.464400291442871094e+00;-7.632308006286621094e-01
-4.516333103179931641e+00;-6.809632182121276855e-01
-3.732212066650390625e+00;-1.104862093925476074e+00
-4.063347816467285156e+00;-2.789846062660217285e-01
-5.236142158508300781e+00;8.117644488811492920e-02
-5.734040260314941406e+00;-1.148654937744140625e+00
-5.393074989318847656e+00;-2.170986652374267578e+00
-5.235446453094482422e+00;1.144752576947212219e-01
-4.543292522430419922e+00;-8.133655786514282227e-01
-5.996455669403076172e+00;-1.591630578041076660e-01
-5.889819622039794922e+00;-1.903020501136779785e+00
-4.468892574310302734e+00;2.408691048622131348e-01
-4.883396148681640625e+00;1.017912402749061584e-01
-3.781785249710083008e+00;-8.698722720146179199e-01
-4.157937049865722656e+00;2.175936996936798096e-01
-3.970329523086547852e+00;-1.474396944046020508e+00
-5.600846290588378906e+00;-2.470283985137939453e+00
-5.627906799316406250e+00;-2.732546329498291016e+00
-5.587662696838378906e+00;-1.622067213058471680e+00
-4.618522167205810547e+00;4.904312193393707275e-01
-5.740980625152587891e+00;-2.532902717590332031e+00
-5.066492080688476562e+00;-5.186093598604202271e-02
-4.622946262359619141e+00;-1.655869007110595703e+00
-3.396176576614379883e+00;-9.086105227470397949e-01
-3.290232896804809570e+00;-1.370664834976196289e+00
-4.798972129821777344e+00;-9.812951683998107910e-01
-4.964948654174804688e+00;-1.376937866210937500e+00
-5.691458225250244141e+00;-2.426317691802978516e+00
-4.757692813873291016e+00;-1.794286012649536133e+00
-6.337189197540283203e+00;-1.094020843505859375e+00
-5.666879653930664062e+00;-1.175322383642196655e-02
-4.834107398986816406e+00;-6.139103770256042480e-01
-3.825809717178344727e+00;-7.022521495819091797e-01
-5.375120639801025391e+00;-2.934650778770446777e-01
-4.449151039123535156e+00;-8.185120820999145508e-01
-3.188586235046386719e+00;-9.208958148956298828e-01
-4.724445819854736328e+00;-1.509560346603393555e-01
-4.760779857635498047e+00;4.268580079078674316e-01
-4.071243762969970703e+00;-1.905896902084350586e+00
-4.597548007965087891e+00;-6.320316791534423828e-01
-4.350278854370117188e+00;-6.938226222991943359e-01
-5.871405124664306641e+00;-1.002020835876464844e+00
-4.487890720367431641e+00;-2.170917987823486328e+00
-7.942323207855224609e+00;-1.125852584838867188e+00
-5.286600589752197266e+00;-2.100389719009399414e+00
-4.410784244537353516e+00;7.379742264747619629e-01
-6.118030548095703125e+00;-7.033109664916992188e-01
-3.413415908813476562e+00;-6.371014714241027832e-01
-3.940636157989501953e+00;-6.743267774581909180e-01
-5.419165134429931641e+00;-6.212811470031738281e-01
-5.043199539184570312e+00;-1.109575986862182617e+00
-6.548707008361816406e+00;-1.471722483634948730e+00
-4.057515144348144531e+00;-2.072565555572509766e+00
-5.324940204620361328e+00;-7.409400939941406250e-01
-4.647859573364257812e+00;-2.198103904724121094e+00
-5.330859184265136719e+00;-6.513118743896484375e-01
-3.784921646118164062e+00;-1.415216922760009766e+00
-6.614058017730712891e+00;-1.927075743675231934e+00
-5.484235763549804688e+00;-2.438975334167480469e+00
-5.366329669952392578e+00;-2.197939872741699219e+00
-6.905605792999267578e+00;-8.450860977172851562e-01
-4.195151329040527344e+00;1.237124323844909668e+00
-5.346074581146240234e+00;-8.050411939620971680e-01
-5.208024024963378906e+00;-1.395499467849731445e+00
-4.704517841339111328e+00;-5.542877912521362305e-01
-5.491598606109619141e+00;-9.460564851760864258e-01
-4.859360218048095703e+00;-7.195783257484436035e-01
-4.434674739837646484e+00;-1.688970565795898438e+00
-4.447773933410644531e+00;-1.036263465881347656e+00
-4.303306102752685547e+00;-1.465824604034423828e+00
-5.385347843170166016e+00;-2.630696535110473633e+00
-5.086087703704833984e+00;3.761949241161346436e-01
-5.112195968627929688e+00;-1.824926614761352539e+00
-5.388779640197753906e+00;-8.827962875366210938e-01
-4.344439506530761719e+00;-2.381535053253173828e+00
-5.453227043151855469e+00;2.988882958889007568e-01
-5.098749160766601562e+00;-2.666758060455322266e+00
-5.263161182403564453e+00;-1.908507943153381348e-01
-5.035081386566162109e+00;-7.752053141593933105e-01
-5.741219520568847656e+00;-1.190131664276123047e+00
-4.619709968566894531e+00;-1.209282875061035156e+00
-2.129103422164916992e+00;-9.276625514030456543e-01
-6.582060337066650391e+00;-6.994740962982177734e-01
-3.449324607849121094e+00;-1.982665419578552246e+00
-6.028723716735839844e+00;-1.517178535461425781e+00
-5.149000644683837891e+00;-7.953990101814270020e-01
-4.625989913940429688e+00;-1.758700847625732422e+00
-4.838819026947021484e+00;-6.832647323608398438e-01
-4.315252304077148438e+00;1.254822492599487305e+00
-5.925589084625244141e+00;-1.236370325088500977e+00
-5.069253921508789062e+00;-3.850529491901397705e-01
-3.976105451583862305e+00;-7.435913085937500000e-01
-4.525512218475341797e+00;-3.873243927955627441e-01
-4.692371845245361328e+00;-5.420498847961425781e-01
-5.807185649871826172e+00;-9.346206188201904297e-01
-4.736169338226318359e+00;-2.200162172317504883e+00
-4.835659980773925781e+00;-3.956654071807861328e-01
-3.678329467773437500e+00;-1.118919372558593750e+00
-4.672638893127441406e+00;-5.874503254890441895e-01
-6.508409023284912109e+00;-1.484240293502807617e+00
-6.113439083099365234e+00;-9.651535749435424805e-01
-5.705083370208740234e+00;-5.386407971382141113e-01
-4.983404636383056641e+00;-1.296301364898681641e+00
-4.760151863098144531e+00;-2.011449337005615234e+00
-6.006577968597412109e+00;-1.755744695663452148e+00
-3.541420698165893555e+00;-1.085761547088623047e+00
-5.172209739685058594e+00;-1.726900100708007812e+00
-4.552359580993652344e+00;-1.782785058021545410e+00
-5.084285736083984375e+00;-3.564679026603698730e-01
-5.301753044128417969e+00;-3.879883289337158203e-01
-3.814815998077392578e+00;-8.190193772315979004e-01
-5.473223686218261719e+00;-1.516199588775634766e+00
-5.043459415435791016e+00;8.696001023054122925e-03
-5.708462238311767578e+00;-8.211109042167663574e-01
-4.309923648834228516e+00;-2.444171458482742310e-01
-4.547346591949462891e+00;-1.050092458724975586e+00
-5.114826202392578125e+00;-1.865907788276672363e+00
-5.069587707519531250e+00;-1.865157008171081543e+00
-5.318906784057617188e+00;-1.906799554824829102e+00
-4.776612281799316406e+00;-3.627871870994567871e-01
-3.868038177490234375e+00;-2.604519844055175781e+00
-5.872508525848388672e+00;2.449460029602050781e-01
-7.197465419769287109e+00;3.134518563747406006e-01
-5.126686573028564453e+00;-9.047818779945373535e-01
-5.293032646179199219e+00;-1.098929643630981445e+00
-6.193634033203125000e+00;-9.309535026550292969e-01
-3.088994264602661133e+00;-2.192156791687011719e+00
-5.021095275878906250e+00;-1.724310874938964844e+00
-4.956257820129394531e+00;-2.293822765350341797e+00
-5.262323379516601562e+00;-1.493476152420043945e+00
-6.083118915557861328e+00;-1.891939342021942139e-01
-3.500594615936279297e+00;-7.179706096649169922e-01
-5.148020744323730469e+00;8.224903792142868042e-02
-5.682456970214843750e+00;-1.244476079940795898e+00
-3.131693124771118164e+00;-8.374030590057373047e-01
-5.369326591491699219e+00;-1.545131802558898926e+00
-3.998570919036865234e+00;3.225265741348266602e-01
-4.999727725982666016e+00;-2.017465591430664062e+00
-5.321757793426513672e+00;-1.613353967666625977e+00
-5.283019065856933594e+00;1.622444391250610352e-01
-3.144933223724365234e+00;-2.125216722488403320e+00
-5.486548900604248047e+00;-3.184787034988403320e-01
-5.780384540557861328e+00;-1.635621309280395508e+00
-4.246366500854492188e+00;-1.545735836029052734e+00
-4.544600486755371094e+00;-1.758958101272583008e-01
-4.814018249511718750e+00;-2.278455257415771484e+00
-3.925595998764038086e+00;-2.009803771972656250e+00
-5.249025344848632812e+00;-1.009041547775268555e+00
-6.282528400421142578e+00;-1.015088796615600586e+00
-5.096487522125244141e+00;-1.080701947212219238e+00
-4.892964839935302734e+00;-1.466232419013977051e+00
-5.590989112854003906e+00;-3.909753561019897461e-01
-3.894257783889770508e+00;-1.636116743087768555e+00
-5.186154842376708984e+00;-6.306128501892089844e-01
-5.424417495727539062e+00;-2.028913497924804688e+00
-3.865312814712524414e+00;-1.400072276592254639e-01
-4.840184211730957031e+00;-1.260756015777587891e+00
-4.686211585998535156e+00;-1.082797765731811523e+00
-6.164349555969238281e+00;-2.096275806427001953e+00
-5.501791477203369141e+00;-1.218783140182495117e+00
-4.255306720733642578e+00;-1.762245416641235352e+00
-5.371334552764892578e+00;-4.236954152584075928e-01
-5.511032104492187500e+00;-2.745110511779785156e+00
-6.352237701416015625e+00;-1.105615645647048950e-01
-5.857394695281982422e+00;-2.814767062664031982e-01
-3.589687824249267578e+00;-1.380476713180541992e+00
-5.661905288696289062e+00;-2.817814350128173828e+00
-4.031027793884277344e+00;-8.541578054428100586e-01
-4.448248863220214844e+00;-9.219423532485961914e-01
-6.428551197052001953e+00;-1.058500289916992188e+00
-6.855517387390136719e+00;-1.643913984298706055e+00
-5.184385776519775391e+00;-1.908608436584472656e+00
-4.277177333831787109e+00;-6.070504784584045410e-01
-4.222691535949707031e+00;-2.531372547149658203e+00
-5.010478973388671875e+00;-1.121975541114807129e+00
-4.491194725036621094e+00;-1.988732337951660156e+00
-5.765252590179443359e+00;-1.591654896736145020e+00
-5.652159214019775391e+00;7.815476059913635254e-01
-6.270218372344970703e+00;-9.159591197967529297e-01
-4.705872535705566406e+00;-1.846140265464782715e+00
-5.529118061065673828e+00;-1.065302968025207520e+00
-4.237164497375488281e+00;-1.156033992767333984e+00
-4.841713905334472656e+00;-2.302173137664794922e+00
-5.006506919860839844e+00;-3.272377252578735352e-01
-4.064600467681884766e+00;-8.819980025291442871e-01
-4.267511844635009766e+00;-1.160030245780944824e+00
-5.677015781402587891e+00;-2.084793090820312500e+00
-5.097377300262451172e+00;-7.136609554290771484e-01
-5.732944011688232422e+00;-1.015138030052185059e+00
-4.925979137420654297e+00;-1.281714200973510742e+00
-4.658780097961425781e+00;-1.446135282516479492e+00
-4.537638187408447266e+00;-1.066976636648178101e-01
-4.065454483032226562e+00;-1.930923700332641602e+00
-5.384593963623046875e+00;-1.322344064712524414e+00
-5.474146842956542969e+00;-1.749096870422363281e+00
-5.564250946044921875e+00;-2.849122762680053711e+00
-4.502288818359375000e+00;-3.587651550769805908e-01
-4.548764228820800781e+00;-6.714272499084472656e-01
-4.635316848754882812e+00;-2.719958782196044922e+00
-5.379607200622558594e+00;-1.663680315017700195e+00
-5.582706928253173828e+00;3.938518464565277100e-01
-6.166062355041503906e+00;-2.090297460556030273e+00
-6.333651065826416016e+00;-1.036134839057922363e+00
-3.445172071456909180e+00;-1.344112157821655273e+00
-3.975866079330444336e+00;-3.392679393291473389e-01
-5.053732395172119141e+00;-1.864471316337585449e+00
-4.497951507568359375e+00;-3.821023106575012207e-01
-4.997544288635253906e+00;-1.717692762613296509e-01
-6.127870559692382812e+00;-1.155987858772277832e+00
-4.269902229309082031e+00;-4.521964192390441895e-01
-4.981477260589599609e+00;-1.256186246871948242e+00
-5.117970466613769531e+00;-1.019549608230590820e+00
-5.914762973785400391e+00;-1.743654310703277588e-01
-4.159502029418945312e+00;-5.455316901206970215e-01
-5.464168548583984375e+00;-4.446822404861450195e-01
-5.229779720306396484e+00;-5.500630661845207214e-02
-5.260760307312011719e+00;-7.631555795669555664e-01
-4.169952392578125000e+00;-1.576806545257568359e+00
-6.454288959503173828e+00;-1.354458689689636230e+00
-3.332235813140869141e+00;-9.809255003929138184e-01
-5.340946197509765625e+00;-6.513910889625549316e-01
-4.838306427001953125e+00;-2.484862804412841797e+00
-4.316237926483154297e+00;-9.016495943069458008e-01
-5.030986309051513672e+00;-6.628888845443725586e-01
-5.277467250823974609e+00;-2.226886749267578125e+00
-4.563911437988281250e+00;-1.805885314941406250e+00
-4.820227146148681641e+00;-3.298912346363067627e-01
-4.229043483734130859e+00;-9.326390624046325684e-01
-5.142204284667968750e+00;1.345935702323913574e+00
-4.830031394958496094e+00;-2.416555881500244141e+00
-6.158242225646972656e+00;-8.465310335159301758e-01
-5.756227016448974609e+00;-4.489586949348449707e-01
-5.161224842071533203e+00;-1.259217262268066406e+00
-5.349619388580322266e+00;-8.892915844917297363e-01
-4.884754657745361328e+00;-2.169394046068191528e-01
-4.571063995361328125e+00;-9.906341433525085449e-01
-3.982262134552001953e+00;-1.780160427093505859e+00
-4.821798324584960938e+00;-2.182954788208007812e+00
-4.432422637939453125e+00;6.402775049209594727e-01
-5.266430854797363281e+00;-3.979278728365898132e-02
-5.140382289886474609e+00;-1.152993798255920410e+00
-4.676639080047607422e+00;-1.009273290634155273e+00
-5.903029918670654297e+00;-9.348998069763183594e-01
-4.828474521636962891e+00;-2.113381028175354004e-01
-4.102530002593994141e+00;-1.309986829757690430e+00
-6.020781993865966797e+00;-1.639081716537475586e+00
-6.095392227172851562e+00;-1.258175373077392578e+00
-5.470942974090576172e+00;-1.162352085113525391e+00
-5.546515464782714844e+00;-9.532711505889892578e-01
-5.272441387176513672e+00;-7.874966859817504883e-01
-5.076058864593505859e+00;-1.365860581398010254e+00
-4.174695968627929688e+00;-1.925927281379699707e+00
-6.041162490844726562e+00;-1.437937974929809570e+00
-5.661950588226318359e+00;-1.496895551681518555e+00
-4.420451641082763672e+00;-2.160613298416137695e+00
-5.365740299224853516e+00;-1.368185043334960938e+00
-5.293457984924316406e+00;-4.697922468185424805e-01
-6.220149993896484375e+00;-1.205344200134277344e+00
-4.649376869201660156e+00;-5.172913074493408203e-01
-3.819640636444091797e+00;-1.106050729751586914e+00
-3.365275144577026367e+00;-2.100841104984283447e-01
8.118626594543457031e+00;-1.812090426683425903e-01
-5.271744251251220703e+00;-1.529095530509948730e+00
-4.494964122772216797e+00;-1.038578391075134277e+00
-5.651890754699707031e+00;-1.932606697082519531e-01
-5.359187126159667969e+00;-8.721892833709716797e-01
-4.722111225128173828e+00;-8.940516114234924316e-01
-3.400755405426025391e+00;-1.458923339843750000e+00
-2.855036020278930664e+00;-5.103379487991333008e-01
-4.871812820434570312e+00;-5.036537051200866699e-01
-6.293485164642333984e+00;-1.008037567138671875e+00
-6.404983043670654297e+00;8.632873892784118652e-01
-5.524878025054931641e+00;-2.366578429937362671e-01
-3.864362001419067383e+00;-6.107726097106933594e-01
-5.219342231750488281e+00;-2.527532875537872314e-01
-4.719996452331542969e+00;1.349526643753051758e-01
-4.524809360504150391e+00;-2.483191490173339844e+00
-4.851778507232666016e+00;-7.877669334411621094e-01
-5.776355266571044922e+00;-1.086660385131835938e+00
-4.786858558654785156e+00;-1.152377605438232422e+00
-4.173367500305175781e+00;-1.161715507507324219e+00
-4.321010112762451172e+00;-1.604722261428833008e+00
-4.603988647460937500e+00;-2.032746791839599609e+00
-4.531940460205078125e+00;-6.103926897048950195e-01
-5.201553344726562500e+00;-2.631058216094970703e+00
-5.061213493347167969e+00;-3.092783927917480469e+00
-6.538804531097412109e+00;-1.074099779129028320e+00
-4.995333194732666016e+00;5.011105537414550781e-01
-4.422410964965820312e+00;-6.810390353202819824e-01
-3.280959367752075195e+00;-1.693880558013916016e+00
-5.601055622100830078e+00;-1.840995669364929199e+00
-5.508822441101074219e+00;-1.058245658874511719e+00
-3.433483123779296875e+00;5.100902318954467773e-01
-4.948399543762207031e+00;-6.455957889556884766e-03
-4.888032913208007812e+00;-4.806900024414062500e-01
-4.660202980041503906e+00;7.910267114639282227e-01
-5.965228080749511719e+00;-1.433392405509948730e+00
-4.646443367004394531e+00;-1.617701888084411621e+00
-4.555795669555664062e+00;-1.293274641036987305e+00
-5.922750473022460938e+00;-2.329095602035522461e+00
-5.276397228240966797e+00;-1.174886226654052734e+00
-4.864468097686767578e+00;-1.766777992248535156e+00
-4.657260417938232422e+00;-1.489850282669067383e+00
-5.272457122802734375e+00;-5.923669338226318359e-01
-4.285687923431396484e+00;-1.585403800010681152e+00
-4.895066738128662109e+00;-1.525822997093200684e+00
-4.886442661285400391e+00;-8.437246680259704590e-01
-5.196163654327392578e+00;-1.217904329299926758e+00
-5.551406860351562500e+00;-1.354564428329467773e+00
-7.161761283874511719e+00;-2.399439811706542969e+00
-5.677922725677490234e+00;-5.496647357940673828e-01
-5.048644542694091797e+00;-2.259364366531372070e+00
-3.707927227020263672e+00;-5.908918380737304688e-01
-5.597685337066650391e+00;-9.220480918884277344e-01
-3.961461782455444336e+00;-1.437037885189056396e-01
-4.277777671813964844e+00;4.428470432758331299e-01
-5.720348358154296875e+00;-2.091202974319458008e+00
-5.095619678497314453e+00;-1.153260827064514160e+00
-4.146502494812011719e+00;-1.318493604660034180e+00
-3.732535600662231445e+00;-1.047953248023986816e+00
-5.076087474822998047e+00;-9.067620038986206055e-01
-5.116585254669189453e+00;-8.240869045257568359e-01
-3.220311880111694336e+00;-1.152810573577880859e+00
-3.386881828308105469e+00;9.417111426591873169e-02
-5.341465473175048828e+00;-1.866619110107421875e+00
-4.528557300567626953e+00;2.837477624416351318e-01
-5.830217838287353516e+00;-5.130605697631835938e-01
-5.612709522247314453e+00;2.913276851177215576e-01
-5.696648597717285156e+00;-4.535731673240661621e-01
-5.491969108581542969e+00;5.779513716697692871e-01
-6.307412147521972656e+00;-7.645063400268554688e-01
-5.469971179962158203e+00;-9.161160141229629517e-02
-4.526706695556640625e+00;-3.657234907150268555e-01
-5.101114273071289062e+00;-3.614809215068817139e-01
-3.588530778884887695e+00;-1.137108087539672852e+00
-5.012427330017089844e+00;-1.299593687057495117e+00
-4.411926269531250000e+00;-5.084863305091857910e-02
-4.599743843078613281e+00;-1.112389564514160156e+00
-4.539479732513427734e+00;-1.105716228485107422e+00
-4.158895492553710938e+00;1.796869784593582153e-01
-4.369686126708984375e+00;-4.132468998432159424e-01
-4.060472011566162109e+00;-2.558296680450439453e+00
-6.238688945770263672e+00;-1.675138711929321289e+00
-6.612541198730468750e+00;-5.597758889198303223e-01
-5.208530902862548828e+00;-9.658844470977783203e-01
-4.777857780456542969e+00;-1.214411973953247070e+00
-3.775073051452636719e+00;-3.020547702908515930e-02
-5.264907836914062500e+00;4.290559291839599609e-01
-4.650406837463378906e+00;-1.795636415481567383e+00
-5.045404434204101562e+00;-5.278464555740356445e-01
-6.183001518249511719e+00;-2.376177072525024414e+00
-4.163329601287841797e+00;2.628831863403320312e-01
-3.076309919357299805e+00;-1.144521713256835938e+00
-5.281188488006591797e+00;6.918456554412841797e-01
-3.373012304306030273e+00;-3.278040289878845215e-01
-6.189650058746337891e+00;-1.246670126914978027e+00
-4.308191776275634766e+00;-8.951754570007324219e-01
-6.686572551727294922e+00;-1.869934558868408203e+00
-3.619849920272827148e+00;1.170169860124588013e-01
-4.172894954681396484e+00;2.251622676849365234e-01
-4.946961879730224609e+00;1.603461652994155884e-01
-4.467032432556152344e+00;-2.735927343368530273e+00
-4.470529556274414062e+00;-2.048275947570800781e+00
-6.380052566528320312e+00;-1.668855428695678711e+00
-4.731575012207031250e+00;-7.105005979537963867e-01
-3.797963380813598633e+00;-1.417643666267395020e+00
-4.506362915039062500e+00;-1.827546358108520508e+00
-5.388443946838378906e+00;-1.641973257064819336e+00
-6.534038066864013672e+00;-1.494459867477416992e+00
-3.691653490066528320e+00;-1.048643216490745544e-01
-4.265050411224365234e+00;2.872060537338256836e-01
-3.657221317291259766e+00;-8.128568530082702637e-01
-4.485419273376464844e+00;-1.379482269287109375e+00
-5.471726894378662109e+00;-2.299283981323242188e+00
-5.737973213195800781e+00;-7.495146989822387695e-01
-4.992420673370361328e+00;-2.556176781654357910e-01
-4.483550548553466797e+00;8.978244066238403320e-01
-5.022757053375244141e+00;-1.406651735305786133e+00
-4.868202209472656250e+00;-7.341446876525878906e-01
-4.353372573852539062e+00;-1.505796194076538086e+00
-5.418097019195556641e+00;-1.037771701812744141e+00
-5.759261131286621094e+00;-2.241730213165283203e+00
-5.660589218139648438e+00;-1.592241048812866211e+00
-5.413588523864746094e+00;-2.767922282218933105e-01
-6.098228454589843750e+00;-8.782698512077331543e-01
-4.299211025238037109e+00;-2.856014966964721680e-01
-6.686592102050781250e+00;-4.510790407657623291e-01
-4.660138607025146484e+00;-1.364151015877723694e-02
-5.902403831481933594e+00;-2.299675941467285156e+00
-5.964356422424316406e+00;-1.738243818283081055e+00
-4.106235504150390625e+00;-1.830135464668273926e+00
-4.104251861572265625e+00;-4.624956846237182617e-01
-4.554602622985839844e+00;1.446844786405563354e-01
-4.477692127227783203e+00;-1.638774871826171875e+00
-5.509222507476806641e+00;-1.365288496017456055e+00
-5.155003070831298828e+00;-1.077123045921325684e+00
-5.164924144744873047e+00;-9.511761665344238281e-01
-5.589534282684326172e+00;-1.801741123199462891e+00
-4.481022357940673828e+00;-2.066145420074462891e+00
-3.584452152252197266e+00;-9.633817672729492188e-01
-3.638429880142211914e+00;-1.416686296463012695e+00
-3.843482255935668945e+00;-1.807549715042114258e+00
-4.799891948699951172e+00;7.454408407211303711e-01
-4.209928989410400391e+00;-8.444437980651855469e-01
-4.570606231689453125e+00;-8.114892244338989258e-01
-4.218018531799316406e+00;-2.047817230224609375e+00
-4.565804004669189453e+00;6.147907376289367676e-01
-4.412204265594482422e+00;-2.458130359649658203e+00
-4.040842533111572266e+00;-2.943260669708251953e-01
-4.813571453094482422e+00;-1.209383681416511536e-01
-5.847808361053466797e+00;-1.023967862129211426e+00
-4.614592552185058594e+00;-8.529130220413208008e-01
-4.418352127075195312e+00;-1.326699256896972656e+00
-4.733645439147949219e+00;-9.738366603851318359e-01
-6.796994686126708984e+00;-1.041982173919677734e+00
-5.389289379119873047e+00;-4.705430269241333008e-01
-5.536871910095214844e+00;-1.180073022842407227e+00
-5.710120677947998047e+00;-9.964666366577148438e-01
-4.740144252777099609e+00;-1.546082019805908203e+00
-4.217853546142578125e+00;-2.708361625671386719e+00
-5.333185195922851562e+00;-1.122180104255676270e+00
-3.003357887268066406e+00;-1.767571568489074707e+00
-6.667785167694091797e+00;-1.490047335624694824e+00
-3.796358346939086914e+00;-8.129628896713256836e-01
-5.805954933166503906e+00;-2.091574072837829590e-01
-4.727252006530761719e+00;-1.653569102287292480e+00
-5.034543991088867188e+00;-1.952746629714965820e+00
-6.717550277709960938e+00;-1.108211755752563477e+00
-3.355587005615234375e+00;-6.917861700057983398e-01
-3.777145624160766602e+00;-9.238203763961791992e-01
-4.988266944885253906e+00;-2.147892117500305176e-01
-3.743287086486816406e+00;-1.694151401519775391e+00
-5.062553405761718750e+00;-1.730910301208496094e+00
-3.813729524612426758e+00;-1.279449582099914551e+00
-6.814465045928955078e+00;-3.046064674854278564e-01
-5.084926128387451172e+00;2.802813947200775146e-01
-5.801772117614746094e+00;5.098923444747924805e-01
-5.649491786956787109e+00;-3.022943809628486633e-02
-5.444698810577392578e+00;-8.034624457359313965e-01
-6.141082286834716797e+00;-1.453240633010864258e+00
-4.675587177276611328e+00;-1.559093236923217773e+00
-3.793596029281616211e+00;-1.188640117645263672e+00
-6.128099918365478516e+00;-1.088360786437988281e+00
-5.619942188262939453e+00;-1.416743755340576172e+00
-6.649753570556640625e+00;-1.744385719299316406e+00
-7.215570449829101562e+00;-4.089391529560089111e-01
-4.287155151367187500e+00;-1.909692764282226562e+00
-5.359430789947509766e+00;-1.376255273818969727e+00
-5.503403663635253906e+00;-1.102583527565002441e+00
-4.865967273712158203e+00;2.750245034694671631e-01
-2.921061754226684570e+00;4.082780480384826660e-01
-5.890742301940917969e+00;-1.517850160598754883e-02
-3.908070325851440430e+00;-1.492994785308837891e+00
-3.884082555770874023e+00;-1.372097015380859375e+00
-5.172661781311035156e+00;-7.772901058197021484e-01
-5.047419071197509766e+00;-4.120222926139831543e-01
-5.626319885253906250e+00;2.046775817871093750e-02
-5.675122261047363281e+00;-1.152457237243652344e+00
-3.939719438552856445e+00;-7.733621597290039062e-01
-3.810899496078491211e+00;-1.026527404785156250e+00
-5.257764816284179688e+00;-2.163185596466064453e+00
-5.481409072875976562e+00;-1.793352127075195312e+00
-5.736576080322265625e+00;-2.363762408494949341e-01
-4.848384857177734375e+00;-1.392868995666503906e+00
-4.814498424530029297e+00;-2.688763618469238281e+00
-5.712200164794921875e+00;-7.290270179510116577e-02
-4.244722843170166016e+00;-1.587244033813476562e+00
-4.711978435516357422e+00;-3.232334852218627930e-01
-5.571524143218994141e+00;-2.146879136562347412e-01
-4.385664463043212891e+00;-3.535247743129730225e-01
-3.314801931381225586e+00;-1.468927145004272461e+00
-5.112009048461914062e+00;-1.761421680450439453e+00
-6.393120765686035156e+00;-1.677650094032287598e+00
-5.685183525085449219e+00;-2.573742568492889404e-01
-5.313538074493408203e+00;-2.359404802322387695e+00
-5.802226066589355469e+00;-3.235079050064086914e-01
-5.345370292663574219e+00;-8.186335563659667969e-01
-4.411305904388427734e+00;-2.381229639053344727e+00
-4.252003192901611328e+00;-1.624346494674682617e+00
-4.724905014038085938e+00;-1.096291542053222656e+00
-4.883307456970214844e+00;-1.707116723060607910e+00
-3.918633699417114258e+00;-8.941096663475036621e-01
-5.716697692871093750e+00;-6.713926792144775391e-01
-4.328610897064208984e+00;-1.051085233688354492e+00
-4.379855632781982422e+00;-1.670909523963928223e+00
-3.249361991882324219e+00;7.408564090728759766e-01
-6.765133380889892578e+00;-2.428461760282516479e-01
-4.928826332092285156e+00;-1.449812769889831543e+00
-4.653035640716552734e+00;-3.435823023319244385e-01
-5.922050952911376953e+00;-1.468049049377441406e+00
-4.981102943420410156e+00;-2.143385648727416992e+00
-4.938366889953613281e+00;-1.099688291549682617e+00
-4.122054100036621094e+00;-1.951152324676513672e+00
-5.063248634338378906e+00;-2.902709320187568665e-02
-4.057764053344726562e+00;-8.646633625030517578e-01
-6.415545940399169922e+00;-1.178447365760803223e+00
-6.033051013946533203e+00;-4.050490260124206543e-01
-6.999526023864746094e+00;1.383612453937530518e-01
-4.979828834533691406e+00;-1.330541133880615234e+00
-4.235015869140625000e+00;-1.037235736846923828e+00
-5.378458023071289062e+00;-7.841583490371704102e-01
-6.356028556823730469e+00;2.045385837554931641e-01
-6.867966175079345703e+00;5.434527993202209473e-01
-5.210835456848144531e+00;-1.628767013549804688e+00
-5.351714134216308594e+00;-1.027201294898986816e+00
-3.952644586563110352e+00;-7.209510803222656250e-01
-4.018833637237548828e+00;-1.701508760452270508e+00
-4.082287788391113281e+00;-1.529903173446655273e+00
-5.233905792236328125e+00;-1.205728292465209961e+00
-6.337218284606933594e+00;-1.538004875183105469e+00
-6.369853973388671875e+00;-1.783057451248168945e+00
-4.318466186523437500e+00;-4.358568787574768066e-02
-6.117360115051269531e+00;-1.038311243057250977e+00
-3.801417827606201172e+00;-1.700277328491210938e+00
-4.559463024139404297e+00;-2.274038046598434448e-01
-6.719508647918701172e+00;-1.039405465126037598e+00
-5.793916702270507812e+00;-1.426358461380004883e+00
-6.321257591247558594e+00;-1.455559611320495605e+00
-5.409931182861328125e+00;-2.692434549331665039e+00
-6.429214954376220703e+00;1.870258450508117676e-01
-5.088922023773193359e+00;-1.258040785789489746e+00
-4.320307254791259766e+00;-5.167940855026245117e-01
-5.642175197601318359e+00;2.992898225784301758e-05
-6.624012470245361328e+00;-2.603648185729980469e+00
-3.698060750961303711e+00;-4.246733784675598145e-01
-3.800146341323852539e+00;-2.426099777221679688e+00
-5.560854434967041016e+00;-6.104397773742675781e-01
-4.148815631866455078e+00;-1.260050892829895020e+00
-4.521506309509277344e+00;-1.450676441192626953e+00
-3.673880815505981445e+00;-1.158541142940521240e-01
-5.743793964385986328e+00;-3.702455163002014160e-01
-3.943627595901489258e+00;-1.860261201858520508e+00
-5.612461090087890625e+00;-9.524937868118286133e-01
-3.968457937240600586e+00;-3.923860490322113037e-01
-3.174113988876342773e+00;-4.371337592601776123e-01
-4.881529331207275391e+00;-9.698555469512939453e-01
-6.852729320526123047e+00;-3.179463446140289307e-01
-4.970566272735595703e+00;-9.317066669464111328e-01
-5.248266220092773438e+00;-6.836974620819091797e-01
-3.474730253219604492e+00;-9.450529813766479492e-01
-3.972385883331298828e+00;-3.172668814659118652e-01
-3.621315717697143555e+00;-1.318369150161743164e+00
-4.056087017059326172e+00;-8.469038605690002441e-01
-4.790320396423339844e+00;-8.582935333251953125e-01
-5.148636341094970703e+00;-1.811329960823059082e+00
-3.772885322570800781e+00;4.099516272544860840e-01
-4.990663528442382812e+00;-1.289554476737976074e+00
-6.381555080413818359e+00;-9.136571288108825684e-01
-4.446204662322998047e+00;-8.847909569740295410e-01
-5.871129512786865234e+00;-1.124645590782165527e+00
-3.153175592422485352e+00;-1.330225318670272827e-01
-4.839635848999023438e+00;-1.527313232421875000e+00
-3.629864931106567383e+00;-1.824655771255493164e+00
-5.382580280303955078e+00;-1.015864372253417969e+00
-5.778975486755371094e+00;-1.055905461311340332e+00
-5.499190807342529297e+00;-6.747769117355346680e-01
-4.324001789093017578e+00;-7.457606792449951172e-01
-3.823533773422241211e+00;-1.046529293060302734e+00
-3.810358524322509766e+00;-4.337027668952941895e-01
-5.910452842712402344e+00;-1.439277172088623047e+00
-4.764056205749511719e+00;-1.725866794586181641e+00
-5.740880012512207031e+00;-1.479887485504150391e+00
-4.079683780670166016e+00;-1.037805750966072083e-01
-4.998497486114501953e+00;6.199529170989990234e-01
-6.519310951232910156e+00;-6.162621974945068359e-01
-4.824619293212890625e+00;-1.343393087387084961e+00
-4.844909191131591797e+00;-7.820006608963012695e-01
-4.412380695343017578e+00;-1.779011249542236328e+00
-5.825603961944580078e+00;-1.907657742500305176e+00
-6.219920158386230469e+00;-2.048327922821044922e+00
-6.428919792175292969e+00;-1.488148450851440430e+00
-4.726892471313476562e+00;-1.263899803161621094e-01
-5.978791713714599609e+00;-4.321040213108062744e-01
-5.413474082946777344e+00;-6.648889780044555664e-01
-3.426308155059814453e+00;-1.335631966590881348e+00
-4.347694873809814453e+00;-8.315184116363525391e-01
-4.683424472808837891e+00;-9.512019157409667969e-01
-5.604372501373291016e+00;-1.526695251464843750e+00
-5.752123355865478516e+00;-1.693083286285400391e+00
-2.304417133331298828e+00;-9.735931158065795898e-01
-4.956971168518066406e+00;-1.258316397666931152e+00
-6.405653953552246094e+00;-1.503903627395629883e+00
-5.277812004089355469e+00;-2.138928413391113281e+00
-3.778862953186035156e+00;4.756677523255348206e-02
-4.512135028839111328e+00;-1.398771286010742188e+00
-5.192012786865234375e+00;3.158690780401229858e-02
-5.396920680999755859e+00;-1.547921180725097656e+00
-5.090125083923339844e+00;-2.020351886749267578e+00
-6.294412136077880859e+00;-4.211050271987915039e-01
-5.586232185363769531e+00;-5.897284150123596191e-01
-5.107325553894042969e+00;-1.799643278121948242e+00
-4.994872093200683594e+00;-1.911916881799697876e-01
-4.206209182739257812e+00;-2.029837608337402344e+00
-4.222113132476806641e+00;-1.339319586753845215e+00
-4.849066257476806641e+00;-1.715414762496948242e+00
-3.961837053298950195e+00;-1.395281076431274414e+00
-4.728475570678710938e+00;-8.535467982292175293e-01
-4.740892887115478516e+00;-9.287423491477966309e-01
-4.872031211853027344e+00;-5.004239082336425781e-01
-4.178400039672851562e+00;-5.257308483123779297e-01
-5.090593338012695312e+00;7.245457172393798828e-02
-5.861472129821777344e+00;-1.731163859367370605e+00
-4.758164405822753906e+00;-2.253636360168457031e+00
-5.385036468505859375e+00;-6.691877245903015137e-01
-5.329989433288574219e+00;-1.305597782135009766e+00
-5.619256019592285156e+00;-4.727292954921722412e-01
-4.643340110778808594e+00;-1.257170677185058594e+00
-6.399911880493164062e+00;-7.542700767517089844e-01
-4.263683319091796875e+00;-1.517441272735595703e+00
-3.963643312454223633e+00;-1.570273160934448242e+00
-5.285519599914550781e+00;-1.019989728927612305e+00
-5.111064910888671875e+00;-7.795875072479248047e-01
-5.409053802490234375e+00;-4.798677563667297363e-01
-4.862688541412353516e+00;-1.004157185554504395e+00
-4.911112308502197266e+00;-2.536395788192749023e-01
-4.331530570983886719e+00;-1.215545654296875000e+00
-4.996106624603271484e+00;9.778735786676406860e-02
-4.109290599822998047e+00;-1.133829355239868164e+00
-3.183331727981567383e+00;-5.072697401046752930e-01
-4.754666328430175781e+00;-5.975483655929565430e-01
-4.770248413085937500e+00;-2.363265275955200195e+00
-5.773681640625000000e+00;-1.572166919708251953e+00
-5.934401988983154297e+00;-1.017965316772460938e+00
-5.260193347930908203e+00;-2.267336845397949219e+00
-6.511082649230957031e+00;1.346284747123718262e-01
-4.157616138458251953e+00;3.089892491698265076e-02
-5.662241935729980469e+00;-2.566922187805175781e+00
-5.358083724975585938e+00;-4.787360429763793945e-01
-5.459103107452392578e+00;-1.112015485763549805e+00
-5.456694126129150391e+00;-1.367618083953857422e+00
-4.160710334777832031e+00;-2.208396434783935547e+00
-5.043971061706542969e+00;-4.031778573989868164e-01
-4.086211681365966797e+00;-8.773318529129028320e-01
-6.291539669036865234e+00;-1.904668450355529785e+00
-4.255548000335693359e+00;-1.037486076354980469e+00
-3.199646949768066406e+00;-1.940636277198791504e+00
-4.016378402709960938e+00;-1.290847659111022949e+00
-5.513068675994873047e+00;-2.089963674545288086e+00
-3.973945617675781250e+00;-1.674391031265258789e+00
-5.103663444519042969e+00;-8.149189949035644531e-01
-5.970951080322265625e+00;-2.683076858520507812e+00
-5.606943607330322266e+00;-9.836643934249877930e-01
-5.896842479705810547e+00;-8.413069844245910645e-01
-3.791479825973510742e+00;-1.657183289527893066e+00
-4.932271957397460938e+00;-6.654645204544067383e-01
-5.083329200744628906e+00;-8.013199567794799805e-01
-5.157388210296630859e+00;-1.728654861450195312e+00
-6.610358238220214844e+00;3.645646572113037109e-01
-4.582294464111328125e+00;-1.595771551132202148e+00
-3.814710378646850586e+00;-2.295460224151611328e+00
-5.792154788970947266e+00;-3.684505224227905273e-01
-6.114866256713867188e+00;-9.731690883636474609e-01
-4.279263019561767578e+00;-7.237623333930969238e-01
-4.802087783813476562e+00;1.156776770949363708e-01
-7.260704040527343750e+00;-1.645158290863037109e+00
-4.879287242889404297e+00;-2.190312862396240234e+00
-5.977779388427734375e+00;-2.209346294403076172e+00
-4.319293498992919922e+00;9.769553691148757935e-02
-4.950645446777343750e+00;-2.357661724090576172e+00
-4.339389801025390625e+00;5.387260913848876953e-01
-6.045994281768798828e+00;-1.005472898483276367e+00
-5.485480785369873047e+00;-2.100600004196166992e+00
-4.971554756164550781e+00;-1.399839878082275391e+00
-3.787916183471679688e+00;-7.891916632652282715e-01
-4.600952148437500000e+00;-1.098902702331542969e+00
-5.030134677886962891e+00;-1.591107368469238281e+00
-5.424232959747314453e+00;5.885912179946899414e-01
-5.210587024688720703e+00;-1.741453886032104492e+00
-4.880465507507324219e+00;9.861934185028076172e-02
-5.014916896820068359e+00;-1.004838705062866211e+00
-3.812704563140869141e+00;9.541410803794860840e-01
-4.781198501586914062e+00;-9.939403533935546875e-01
-4.600096225738525391e+00;-8.332807421684265137e-01
-5.709697723388671875e+00;-3.946620821952819824e-01
-5.989536285400390625e+00;-1.994959115982055664e+00
-4.535861015319824219e+00;-1.923735812306404114e-02
-5.953415393829345703e+00;1.480119675397872925e-01
-3.350476741790771484e+00;-4.550854563713073730e-01
-5.664772987365722656e+00;-1.485409498214721680e+00
-5.608416080474853516e+00;-1.051766872406005859e+00
-6.169313907623291016e+00;-1.195794224739074707e+00
-5.944043636322021484e+00;3.858371376991271973e-01
-3.968896865844726562e+00;-1.515643358230590820e+00
-5.294309139251708984e+00;-1.632155895233154297e+00
-5.585107326507568359e+00;-2.861763477325439453e+00
-6.349993705749511719e+00;-1.179015159606933594e+00
-4.890959739685058594e+00;-1.760457515716552734e+00
-5.536110877990722656e+00;-1.268792152404785156e-01
-5.363825798034667969e+00;-5.611563920974731445e-01
-6.844452381134033203e+00;-9.637424349784851074e-01
-7.749587059020996094e+00;-8.037373423576354980e-01
-4.858131408691406250e+00;-1.494426250457763672e+00
-4.442109584808349609e+00;-1.251959562301635742e+00
-4.827679157257080078e+00;-2.530610799789428711e+00
-5.591806888580322266e+00;-1.519104599952697754e+00
-7.204241275787353516e+00;-1.672246694564819336e+00
-5.167913913726806641e+00;-2.022391319274902344e+00
-3.975358486175537109e+00;-8.248284459114074707e-01
-5.192695617675781250e+00;-1.310623288154602051e+00
-5.337234497070312500e+00;-1.319178462028503418e+00
-6.060586452484130859e+00;-1.236349940299987793e+00
-4.531022071838378906e+00;-1.279897093772888184e-01
-3.571802616119384766e+00;1.933586299419403076e-01
-5.969115734100341797e+00;-1.803714036941528320e+00
-5.221302986145019531e+00;-5.816186666488647461e-01
-4.330908298492431641e+00;6.661178171634674072e-02
-5.039276123046875000e+00;-8.583257198333740234e-01
-4.966906547546386719e+00;-9.893615841865539551e-01
-5.994577407836914062e+00;-1.684316396713256836e+00
-3.474454879760742188e+00;-1.411433935165405273e+00
-4.454730987548828125e+00;-9.053541421890258789e-01
-5.533854961395263672e+00;-1.091580390930175781e+00
-5.353538990020751953e+00;-1.116546243429183960e-02
-5.217373847961425781e+00;4.625236988067626953e-02
-5.768848896026611328e+00;-1.136532425880432129e+00
-4.968168258666992188e+00;-1.904221057891845703e+00
-6.100576400756835938e+00;-1.751394033432006836e+00
-4.444046497344970703e+00;3.255042433738708496e-01
-4.310095310211181641e+00;3.217161446809768677e-02
-4.618451595306396484e+00;-1.897516727447509766e+00
-6.120376110076904297e+00;-1.117661476135253906e+00
-2.325331687927246094e+00;-6.734398007392883301e-01
-5.337233543395996094e+00;-1.065839052200317383e+00
-3.560469388961791992e+00;-9.140446186065673828e-01
-5.066170215606689453e+00;-1.045887112617492676e+00
-4.863009452819824219e+00;-1.895422458648681641e+00
-5.226518154144287109e+00;-1.089458703994750977e+00
-5.223067760467529297e+00;-1.883980631828308105e+00
-4.480230808258056641e+00;-1.708821773529052734e+00
-4.921747207641601562e+00;-4.658572077751159668e-01
-5.107523918151855469e+00;-1.775140285491943359e+00
-5.878009319305419922e+00;-4.969648718833923340e-01
-5.468365192413330078e+00;-1.458341121673583984e+00
-6.214541435241699219e+00;-8.880954980850219727e-01
-4.048176288604736328e+00;-9.921584129333496094e-01
-7.246540069580078125e+00;-1.522195458412170410e+00
-5.698308944702148438e+00;-6.911970376968383789e-01
-3.835555553436279297e+00;-1.675748586654663086e+00
-7.730488300323486328e+00;-2.007599353790283203e+00
-5.321244239807128906e+00;-1.444632411003112793e+00
-4.662703990936279297e+00;-1.127412319183349609e+00
-3.804877042770385742e+00;-6.384576559066772461e-01
-4.533910274505615234e+00;-4.478120058774948120e-02
-3.547662973403930664e+00;-1.171554565429687500e+00
-2.855542421340942383e+00;-6.685816049575805664e-01
-4.969712734222412109e+00;-2.615455910563468933e-02
-5.918858051300048828e+00;-6.892902851104736328e-01
-3.408725976943969727e+00;-1.887573003768920898e+00
-5.302127838134765625e+00;1.806238591670989990e-01
-5.472190380096435547e+00;-6.983042955398559570e-01
-3.623469352722167969e+00;-8.596948385238647461e-01
-5.118500232696533203e+00;-1.592233061790466309e+00
-4.649484157562255859e+00;-3.142220079898834229e-01
-6.041169166564941406e+00;-1.098327994346618652e+00
-4.751131057739257812e+00;-8.254936933517456055e-01
-5.842844009399414062e+00;-1.374836206436157227e+00
-5.165690898895263672e+00;-2.461005210876464844e+00
-4.176142215728759766e+00;-9.512360692024230957e-01
-5.336605072021484375e+00;-2.358944416046142578e-01
-4.450987339019775391e+00;-1.655309438705444336e+00
-4.928030967712402344e+00;-2.564890861511230469e+00
-5.272985935211181641e+00;-1.893903613090515137e-01
-3.729469060897827148e+00;-1.244473218917846680e+00
-4.198351860046386719e+00;-2.150058269500732422e+00
-4.099688529968261719e+00;-2.842512726783752441e-01
-6.134437084197998047e+00;-1.107507944107055664e+00
-3.855725765228271484e+00;8.283582925796508789e-01
-5.751455307006835938e+00;-1.700538635253906250e+00
-6.987354755401611328e+00;-1.670217037200927734e+00
-3.913083076477050781e+00;-1.216680049896240234e+00
-5.049802303314208984e+00;-1.720632672309875488e+00
-3.981816291809082031e+00;-8.762651681900024414e-01
-4.249932765960693359e+00;7.479028701782226562e-01
-5.568422317504882812e+00;-1.120678901672363281e+00
-2.008557558059692383e+00;-1.459305524826049805e+00
-4.455744266510009766e+00;-6.757007837295532227e-01
-5.079926013946533203e+00;-2.977358698844909668e-01
-2.859299421310424805e+00;-9.830241799354553223e-01
-4.597085952758789062e+00;-1.401647329330444336e+00
-4.699379920959472656e+00;-1.630489110946655273e+00
-3.331532478332519531e+00;-1.470157623291015625e+00
-6.235471248626708984e+00;-1.525632858276367188e+00
-4.025127887725830078e+00;-1.392430067062377930e+00
-5.922888278961181641e+00;-1.708726406097412109e+00
-5.110300540924072266e+00;-9.677684903144836426e-01
-5.178166389465332031e+00;-2.735239028930664062e+00
-4.979248523712158203e+00;-1.144259572029113770e-01
-4.668062686920166016e+00;-1.054667234420776367e+00
-6.606006622314453125e+00;-2.050736427307128906e+00
-4.844209194183349609e+00;-2.913686275482177734e+00
-3.794856786727905273e+00;-6.696913242340087891e-01
-3.906160116195678711e+00;-1.541653037071228027e+00
-6.696840286254882812e+00;-1.142642259597778320e+00
-4.679113388061523438e+00;-7.097625732421875000e-01
-2.631705284118652344e+00;-1.061486601829528809e+00
-4.281011104583740234e+00;-2.452555179595947266e+00
-5.006479740142822266e+00;-1.249683618545532227e+00
-4.937805175781250000e+00;-1.503764748573303223e+00
-4.286878585815429688e+00;-7.930053472518920898e-01
-4.806685447692871094e+00;-1.809117078781127930e+00
-4.877285957336425781e+00;-1.034420728683471680e+00
-5.305381774902343750e+00;1.668995171785354614e-01
-3.236909389495849609e+00;-1.809682399034500122e-01
-3.394420623779296875e+00;-1.241364598274230957e+00
-5.863007545471191406e+00;-4.263263940811157227e-02
