-5.958282470703125000e+00;-2.021800041198730469e+00
2.002506494522094727e+00;-3.570499897003173828e+00
1.476806044578552246e+00;-1.232115149497985840e+00
-6.763683319091796875e+00;1.033403396606445312e+00
3.530242443084716797e+00;-4.405592918395996094e+00
2.295666456222534180e+00;-1.815302133560180664e+00
1.334943532943725586e+00;-3.337429046630859375e+00
3.929171562194824219e+00;-2.812257766723632812e+00
3.606537342071533203e+00;1.993473768234252930e-01
2.248742818832397461e+00;-4.434793472290039062e+00
3.178076267242431641e+00;-3.237011194229125977e+00
-5.705311298370361328e+00;1.410938262939453125e+00
-5.140009880065917969e+00;-9.793996810913085938e-02
-4.884115695953369141e+00;-8.628450036048889160e-01
2.366984844207763672e+00;-6.307576894760131836e-01
2.562013387680053711e+00;-4.477612674236297607e-01
1.412720441818237305e+00;-1.681639432907104492e+00
-6.230153560638427734e+00;4.598718881607055664e-01
3.455227851867675781e+00;-4.882562160491943359e+00
-5.218082427978515625e+00;-2.091810703277587891e+00
1.525360107421875000e+00;-2.303959131240844727e+00
-3.808729648590087891e+00;-1.880711317062377930e+00
-5.672531127929687500e+00;-2.355950355529785156e+00
1.613560438156127930e+00;-4.361858844757080078e+00
5.526012182235717773e-01;-2.604781627655029297e+00
1.418179512023925781e+00;-5.027185916900634766e+00
2.678803920745849609e+00;-2.597404956817626953e+00
3.405366420745849609e+00;-1.737499475479125977e+00
-4.740882396697998047e+00;-3.370242834091186523e+00
-6.355873584747314453e+00;-4.288321137428283691e-01
1.945621848106384277e+00;4.953325986862182617e-01
-6.034231662750244141e+00;1.738856792449951172e+00
4.605520248413085938e+00;-2.030236005783081055e+00
9.647551774978637695e-01;-1.939795255661010742e+00
1.465539216995239258e+00;-1.881070137023925781e+00
1.113260030746459961e+00;-7.384079098701477051e-01
-4.576171875000000000e+00;-7.084512710571289062e-01
3.278499126434326172e+00;3.584195375442504883e-01
7.301760911941528320e-01;-3.787809848785400391e+00
4.892010688781738281e-01;-3.561047077178955078e+00
2.478119373321533203e+00;1.820987701416015625e+00
1.881522059440612793e+00;-5.124386310577392578e+00
1.881104111671447754e+00;-2.465014457702636719e+00
2.844030380249023438e+00;-4.990162372589111328e+00
-4.407547950744628906e+00;7.150472402572631836e-01
2.778903484344482422e+00;-2.791391372680664062e+00
1.266662359237670898e+00;-1.448572158813476562e+00
1.394220829010009766e+00;-4.108801364898681641e+00
1.949904918670654297e+00;-7.978761196136474609e-01
2.308977127075195312e+00;-3.781840324401855469e+00
3.536111831665039062e+00;-1.411867976188659668e+00
-5.452262878417968750e+00;-3.678430557250976562e+00
-3.839448451995849609e+00;-5.422940254211425781e-01
1.558707237243652344e+00;-1.472291946411132812e-01
-4.843966960906982422e+00;-1.589149832725524902e-01
-4.488618373870849609e+00;-3.951395511627197266e+00
1.600244522094726562e+00;-1.757946252822875977e+00
8.040432929992675781e-01;-1.078612804412841797e-01
1.546651363372802734e+00;2.588593959808349609e-01
2.433476924896240234e+00;4.534974098205566406e-01
5.280778408050537109e-01;-2.486743927001953125e+00
5.399246215820312500e-01;-8.753991127014160156e-01
1.223203301429748535e+00;-4.266431331634521484e+00
-5.545734882354736328e+00;-2.584715843200683594e+00
-4.363621234893798828e+00;-1.091784238815307617e+00
2.823180913925170898e+00;-9.143520593643188477e-01
-4.598022460937500000e+00;-8.042798638343811035e-01
-4.277236938476562500e+00;-1.477505445480346680e+00
1.929369926452636719e+00;-4.125866889953613281e+00
1.090699076652526855e+00;-1.377556562423706055e+00
2.823032617568969727e+00;-4.066717147827148438e+00
-5.372502803802490234e+00;-4.495369195938110352e-01
1.863758087158203125e+00;-4.099207878112792969e+00
2.740139961242675781e+00;-2.829432249069213867e+00
2.578669786453247070e+00;-2.240854740142822266e+00
2.262259721755981445e+00;-5.363060951232910156e+00
3.447212934494018555e+00;-4.800831317901611328e+00
2.974425315856933594e+00;-2.129904270172119141e+00
2.148427248001098633e+00;-3.523353576660156250e+00
2.543836832046508789e+00;-3.853233098983764648e+00
-3.633089065551757812e+00;-1.932024955749511719e+00
4.043734550476074219e+00;-2.253154754638671875e+00
-6.385315895080566406e+00;-7.753902673721313477e-01
2.327967166900634766e+00;9.804248809814453125e-03
-3.398532629013061523e+00;-4.153773307800292969e+00
2.689207553863525391e+00;-5.758720874786376953e+00
2.744792461395263672e+00;-5.173243522644042969e+00
3.418132781982421875e+00;-3.884103894233703613e-01
3.254811525344848633e+00;-5.043158531188964844e+00
1.978541851043701172e+00;-3.977168798446655273e+00
-5.501234054565429688e+00;-1.443697094917297363e+00
2.554248094558715820e+00;-5.017795562744140625e-01
-5.017477035522460938e+00;-4.887202382087707520e-01
-5.356925487518310547e+00;-1.779643535614013672e+00
-5.106661796569824219e+00;-1.391087889671325684e+00
2.442844629287719727e+00;-6.361903190612792969e+00
-5.757675647735595703e+00;-2.333563566207885742e-01
-5.458529472351074219e+00;-5.329517126083374023e-01
1.445861935615539551e+00;-4.002985477447509766e+00
2.481731891632080078e+00;-1.899248719215393066e+00
1.048008203506469727e+00;-4.447970390319824219e+00
1.578988432884216309e+00;-5.086533069610595703e+00
3.040420532226562500e+00;-5.627346634864807129e-01
1.758209943771362305e+00;-1.239317297935485840e+00
-6.284696578979492188e+00;-1.478385567665100098e+00
2.368320226669311523e-01;-5.298906326293945312e+00
7.383972406387329102e-01;-5.210906982421875000e+00
3.260385513305664062e+00;-2.142103195190429688e+00
7.744814157485961914e-01;-5.075958728790283203e+00
1.977583527565002441e+00;-5.583766937255859375e+00
1.229818820953369141e+00;-6.744164466857910156e+00
2.014726877212524414e+00;-3.644652128219604492e+00
2.627816915512084961e+00;-1.765339136123657227e+00
1.790437340736389160e+00;-2.536555290222167969e+00
2.643655776977539062e+00;-5.699084281921386719e+00
9.303465485572814941e-01;-3.377905368804931641e+00
2.270391941070556641e+00;-2.798209786415100098e-01
9.090721607208251953e-01;-2.770406723022460938e+00
-3.186803102493286133e+00;-2.703197598457336426e-01
2.700117349624633789e+00;-3.577268362045288086e+00
-1.756181716918945312e-01;-6.387131690979003906e+00
-4.737648010253906250e+00;-5.206931829452514648e-01
2.261778831481933594e+00;-1.250672936439514160e+00
1.828395366668701172e+00;-4.351331591606140137e-01
3.206166267395019531e+00;-4.500039100646972656e+00
2.085957288742065430e+00;-5.257234096527099609e+00
2.731549263000488281e+00;4.592458009719848633e-01
-2.698073863983154297e+00;-1.867755651473999023e+00
2.851494073867797852e+00;5.976670980453491211e-01
-4.347023487091064453e+00;-2.030442237854003906e+00
-4.407683372497558594e+00;-8.391486406326293945e-01
1.226983189582824707e+00;-8.777072429656982422e-01
2.352733612060546875e+00;-2.213356494903564453e+00
-5.909865379333496094e+00;-4.610151052474975586e-01
-4.355730533599853516e+00;-1.011803269386291504e+00
1.958987116813659668e+00;-8.267820477485656738e-01
-4.146788120269775391e+00;-7.890380620956420898e-01
2.821815967559814453e+00;-4.190254688262939453e+00
2.835416316986083984e+00;3.084599971771240234e-02
1.312947750091552734e+00;-6.088866233825683594e+00
2.696767091751098633e+00;3.500148057937622070e-01
-5.683361053466796875e+00;-7.165485024452209473e-01
-3.952276706695556641e-01;-2.514175891876220703e+00
-5.651341915130615234e+00;-4.729219675064086914e-01
2.149840831756591797e+00;-2.933747291564941406e+00
-5.122749805450439453e+00;-1.456210613250732422e+00
-5.801102638244628906e+00;-1.022416591644287109e+00
1.333992958068847656e+00;-4.772029876708984375e+00
2.931065320968627930e+00;-1.087044477462768555e+00
1.321745395660400391e+00;-3.311109066009521484e+00
3.144564628601074219e-01;-1.014825344085693359e+00
2.031585693359375000e+00;-1.540844917297363281e+00
1.881478309631347656e+00;-3.757380962371826172e+00
-5.997009277343750000e+00;1.482340097427368164e-01
1.663444399833679199e+00;-2.666455984115600586e+00
1.251231193542480469e+00;-1.536157488822937012e+00
2.603843450546264648e+00;-4.601530075073242188e+00
4.041860580444335938e+00;-1.175848007202148438e+00
3.155400276184082031e+00;-3.636645376682281494e-01
-5.154388904571533203e+00;-1.927384376525878906e+00
3.310924768447875977e+00;-4.916968822479248047e+00
-4.116648197174072266e+00;-2.321936368942260742e+00
1.474337935447692871e+00;-3.145534038543701172e+00
5.509527921676635742e-01;-1.541005134582519531e+00
1.061122179031372070e+00;-3.538827419281005859e+00
3.281222820281982422e+00;-3.848624706268310547e+00
1.487717866897583008e+00;-5.397068500518798828e+00
1.376667022705078125e+00;-3.730209589004516602e+00
-6.829319953918457031e+00;-6.843881607055664062e-01
-4.706778526306152344e+00;-1.085192799568176270e+00
-4.424210071563720703e+00;-2.066392898559570312e-01
2.188804149627685547e-01;-3.784388780593872070e+00
3.806309700012207031e-01;-3.346110820770263672e+00
-5.270860195159912109e+00;-3.251759290695190430e+00
-6.699402332305908203e+00;-6.381285190582275391e-01
2.458969831466674805e+00;-4.778974056243896484e+00
1.175120711326599121e+00;-8.280318379402160645e-01
2.245672941207885742e+00;3.709679841995239258e-02
1.014380812644958496e+00;-4.645147323608398438e+00
-5.109514236450195312e+00;-3.730899095535278320e-02
1.905510425567626953e+00;-1.101586103439331055e+00
-5.375540256500244141e+00;-8.365091085433959961e-01
-6.219216823577880859e+00;-3.651188015937805176e-01
-6.008927345275878906e+00;-9.477685093879699707e-01
-6.065897464752197266e+00;-5.793146491050720215e-01
-5.092516422271728516e+00;-6.863563656806945801e-01
-4.549953937530517578e+00;-7.604702115058898926e-01
2.454440355300903320e+00;-4.776432514190673828e+00
1.090613365173339844e+00;-4.280934333801269531e+00
3.993406295776367188e-01;-3.583891868591308594e+00
2.476629734039306641e+00;-1.494040131568908691e+00
2.103623390197753906e+00;-3.726977586746215820e+00
2.263158559799194336e+00;-3.099770545959472656e+00
3.354094505310058594e+00;1.872234344482421875e-01
-3.205651998519897461e+00;-1.365139961242675781e+00
2.244529724121093750e+00;-2.598746299743652344e+00
-5.013403892517089844e+00;-2.444108009338378906e+00
2.227536678314208984e+00;-3.376120567321777344e+00
2.232676506042480469e+00;-4.234538078308105469e+00
3.057064533233642578e+00;-3.476910591125488281e+00
9.750283360481262207e-01;-4.828589439392089844e+00
2.371226787567138672e+00;-1.715147018432617188e+00
1.771682500839233398e-01;-4.449944019317626953e+00
2.044648408889770508e+00;-4.284150600433349609e+00
1.899179220199584961e-01;-3.598906993865966797e+00
-5.406602859497070312e+00;4.900503158569335938e-02
-4.923116207122802734e+00;-9.804947972297668457e-01
2.737355470657348633e+00;-8.186984062194824219e-01
-4.571722030639648438e+00;-1.066092014312744141e+00
2.097125053405761719e+00;-3.740291357040405273e+00
2.664335250854492188e+00;-4.344690322875976562e+00
1.765838861465454102e+00;1.267272710800170898e+00
3.201310634613037109e+00;-5.920639038085937500e+00
2.857933282852172852e+00;-1.593414425849914551e+00
1.399936437606811523e+00;-3.325959205627441406e+00
2.042660236358642578e+00;-7.723609805107116699e-01
2.644937753677368164e+00;-2.121444225311279297e+00
5.928136110305786133e-01;-4.308876037597656250e+00
-4.172967910766601562e+00;-1.495689630508422852e+00
2.112715721130371094e+00;-4.928279399871826172e+00
-5.156906604766845703e+00;-1.615885496139526367e+00
1.159544825553894043e+00;1.050859093666076660e-01
1.032446265220642090e+00;-3.194315433502197266e-01
1.092879414558410645e+00;-1.440226078033447266e+00
1.260176420211791992e+00;-8.142003417015075684e-01
-5.410244941711425781e+00;-3.652303218841552734e-01
-5.982559680938720703e+00;-1.078241586685180664e+00
1.939811706542968750e+00;-5.721546173095703125e+00
2.296374082565307617e+00;-2.223498821258544922e+00
1.929684877395629883e+00;-1.756831645965576172e+00
-5.050372123718261719e+00;-2.211173772811889648e-01
2.345624923706054688e+00;-3.787251710891723633e+00
2.810485124588012695e+00;-4.448985099792480469e+00
3.053842067718505859e+00;-4.450434446334838867e-02
1.744545459747314453e+00;-1.276929140090942383e+00
-7.013849258422851562e+00;-1.558716773986816406e+00
2.775277137756347656e+00;-4.399492740631103516e+00
9.061504006385803223e-01;-4.452259063720703125e+00
-4.701936244964599609e+00;-1.239864468574523926e+00
4.318474769592285156e+00;-1.719163417816162109e+00
3.377511501312255859e+00;-1.456704854965209961e+00
2.616390228271484375e+00;-3.156166076660156250e+00
-5.103872299194335938e+00;-1.357442140579223633e-01
4.656126499176025391e-01;-4.553438186645507812e+00
1.388453006744384766e+00;-5.578770637512207031e+00
-5.562036514282226562e+00;-7.244343757629394531e-01
2.119247913360595703e+00;-7.421534657478332520e-01
8.794451951980590820e-01;1.332875728607177734e+00
2.035112142562866211e+00;-1.056013703346252441e+00
3.379517078399658203e+00;-4.093333780765533447e-01
2.406387329101562500e+00;1.189007997512817383e+00
3.206283569335937500e+00;-1.270027518272399902e+00
2.480643987655639648e+00;-2.045738458633422852e+00
2.361616611480712891e+00;-3.918131589889526367e+00
1.176284790039062500e+00;-3.972083330154418945e-02
2.817353010177612305e+00;-1.457859992980957031e+00
9.830378293991088867e-01;2.072507143020629883e-02
2.419840574264526367e+00;-3.850456953048706055e+00
1.096040248870849609e+00;-6.394325494766235352e-01
2.546102523803710938e+00;-4.045900106430053711e-01
-5.808086872100830078e+00;-2.343782424926757812e+00
9.316783547401428223e-01;-4.947003841400146484e+00
-5.903841018676757812e+00;9.523453712463378906e-01
2.859847068786621094e+00;-1.759564161300659180e+00
-5.124182224273681641e+00;-1.824386596679687500e+00
-7.041952610015869141e+00;-4.359411001205444336e-01
-4.338226795196533203e+00;-1.128736376762390137e+00
2.731957912445068359e+00;-1.429522037506103516e+00
1.088272452354431152e+00;-1.483222007751464844e+00
3.237375497817993164e+00;-4.786623954772949219e+00
2.167763233184814453e+00;-1.153605699539184570e+00
1.622187852859497070e+00;-4.792086124420166016e+00
3.422565937042236328e+00;-1.038213133811950684e+00
6.194919347763061523e-01;-4.975156784057617188e+00
2.910947561264038086e+00;-3.021321296691894531e-01
-3.165950775146484375e+00;-2.528837203979492188e+00
2.845068454742431641e+00;-2.820810675621032715e-01
1.362873792648315430e+00;-1.710990667343139648e+00
-5.074133872985839844e+00;-2.566104412078857422e+00
1.669737577438354492e+00;-3.851667881011962891e+00
1.619406342506408691e+00;-1.866858005523681641e-01
-6.180075645446777344e+00;-5.890887975692749023e-02
-5.614382743835449219e+00;-3.404186964035034180e-01
3.280167102813720703e+00;-4.685980796813964844e+00
1.413223981857299805e+00;-4.199284076690673828e+00
-5.958784103393554688e+00;-3.057627916336059570e+00
-3.973654747009277344e+00;-6.045293807983398438e-01
2.239368677139282227e+00;-4.122098684310913086e-01
-4.823838710784912109e+00;-2.003181457519531250e+00
-5.329536437988281250e+00;-2.269488573074340820e-01
8.300180435180664062e-01;-4.438666343688964844e+00
2.331830263137817383e+00;-6.081366539001464844e-02
2.357227802276611328e+00;-1.883938670158386230e+00
-5.158782958984375000e+00;-7.185239791870117188e-01
1.707813382148742676e+00;-2.682192802429199219e+00
3.865432739257812500e+00;-8.798903226852416992e-01
-1.885027885437011719e-01;-1.730846643447875977e+00
-4.518134593963623047e-01;-4.705090045928955078e+00
1.201725602149963379e+00;-2.348990440368652344e+00
1.433532357215881348e+00;-4.313313007354736328e+00
2.237854003906250000e+00;-3.603874683380126953e+00
-3.440868377685546875e+00;-1.145679712295532227e+00
3.490676164627075195e+00;-1.337198495864868164e+00
2.465828418731689453e+00;-3.690784692764282227e+00
-5.542061805725097656e+00;-2.982616424560546875e-04
2.622191190719604492e+00;-5.608837127685546875e+00
-4.510166645050048828e-01;-3.222138881683349609e+00
2.305417537689208984e+00;-4.968248307704925537e-01
-4.621417999267578125e+00;-1.569503784179687500e+00
-4.530590057373046875e+00;-6.611036062240600586e-01
1.335211753845214844e+00;-2.744466304779052734e+00
1.826539397239685059e+00;-3.917237997055053711e+00
-6.009710788726806641e+00;-1.493940830230712891e+00
1.750755429267883301e+00;-4.837157726287841797e+00
3.436370134353637695e+00;1.536401748657226562e+00
-4.917388439178466797e+00;-5.544037818908691406e-01
1.119791865348815918e+00;2.083789110183715820e-01
-5.314894676208496094e+00;-1.603083372116088867e+00
2.098352909088134766e+00;-5.083769798278808594e+00
-5.552664279937744141e+00;1.154026031494140625e+00
3.176805257797241211e+00;-2.322781562805175781e+00
-4.142232894897460938e+00;-4.075518846511840820e-01
1.026461482048034668e+00;-2.199591159820556641e+00
1.825880646705627441e+00;-4.095757484436035156e+00
1.268507242202758789e+00;-8.980739116668701172e-01
1.548453092575073242e+00;-2.496007442474365234e+00
2.558006286621093750e+00;-4.919642925262451172e+00
1.948590874671936035e+00;1.358956694602966309e-01
3.016868591308593750e+00;7.123447656631469727e-01
-4.835213661193847656e+00;-2.919400691986083984e+00
-5.894914150238037109e+00;-1.905256509780883789e+00
1.706661462783813477e+00;-2.846068620681762695e+00
-4.580111980438232422e+00;-3.330785632133483887e-01
1.826190948486328125e+00;-3.964085102081298828e+00
-3.295759916305541992e+00;2.527419328689575195e-01
-4.996581077575683594e+00;-3.136291503906250000e+00
1.816957116127014160e+00;-4.412648200988769531e+00
3.243285655975341797e+00;8.165895938873291016e-03
2.642335891723632812e+00;-3.818961143493652344e+00
3.504656314849853516e+00;9.728882312774658203e-01
-3.970908164978027344e+00;-2.100786685943603516e+00
1.816277146339416504e+00;-5.008376121520996094e+00
-5.129693984985351562e+00;-3.328078985214233398e-02
2.204998254776000977e+00;-5.469435214996337891e+00
-5.006055831909179688e+00;-1.888378500938415527e+00
-7.320003509521484375e+00;-1.494975805282592773e+00
-3.024303436279296875e+00;5.153968334197998047e-01
-6.896831035614013672e+00;-1.095381855964660645e+00
2.272635221481323242e+00;-4.519134044647216797e+00
-4.772832393646240234e-01;4.102635383605957031e-02
1.677728176116943359e+00;-4.014499664306640625e+00
2.196959972381591797e+00;-7.016909718513488770e-01
1.285403728485107422e+00;-4.005627632141113281e+00
-5.643175125122070312e+00;-1.440262675285339355e+00
2.782982110977172852e+00;-3.674133300781250000e+00
1.048978090286254883e+00;-3.784397125244140625e+00
1.717455625534057617e+00;-5.104845046997070312e+00
-3.457591772079467773e+00;-8.350622653961181641e-02
3.796760797500610352e+00;2.886567115783691406e-01
-5.337293624877929688e+00;-2.206297636032104492e+00
3.115485668182373047e+00;-2.122708797454833984e+00
8.327597379684448242e-01;-3.802471399307250977e+00
3.041061162948608398e+00;-4.318130016326904297e-02
2.053396463394165039e+00;-3.715183258056640625e+00
3.883261442184448242e+00;-2.152575254440307617e-01
-5.184804439544677734e+00;-9.274507761001586914e-01
4.894522428512573242e-01;-3.009840250015258789e+00
1.474747657775878906e+00;-1.058039069175720215e-01
2.175626039505004883e+00;-1.140740275382995605e+00
-5.245197296142578125e+00;-1.669877529144287109e+00
-4.841409683227539062e+00;-8.385707736015319824e-01
6.821885108947753906e-01;1.434529423713684082e-01
-4.272897720336914062e+00;-4.865953326225280762e-01
-5.783879280090332031e+00;-3.767777085304260254e-01
2.327714681625366211e+00;1.575331211090087891e+00
2.474823713302612305e+00;-6.014794826507568359e+00
1.579736232757568359e+00;-2.544373035430908203e+00
3.612980842590332031e+00;-1.287949085235595703e-02
2.002088546752929688e+00;-4.652738571166992188e+00
-4.695340156555175781e+00;-4.630519151687622070e-01
-5.203205108642578125e+00;3.147625923156738281e-02
-5.251758098602294922e+00;-1.160501003265380859e+00
-4.527026176452636719e+00;-4.399134516716003418e-01
1.370599269866943359e+00;-4.380162715911865234e+00
-6.373342037200927734e+00;-1.911660552024841309e+00
1.425542235374450684e+00;-3.703492164611816406e+00
1.010705709457397461e+00;-5.280317783355712891e+00
1.002453446388244629e+00;-1.319631934165954590e-01
1.145242214202880859e+00;-2.886652946472167969e-04
2.016396045684814453e+00;-9.311019778251647949e-01
2.622578382492065430e+00;-1.124061226844787598e+00
2.571367502212524414e+00;-3.635417938232421875e+00
6.246081590652465820e-01;-2.150958061218261719e+00
3.302942514419555664e-01;-1.187840104103088379e-01
5.129630565643310547e-01;-3.010144710540771484e+00
-7.696681499481201172e+00;-2.518895864486694336e+00
5.463544130325317383e-01;-4.843684673309326172e+00
-1.813182830810546875e-01;-1.512744307518005371e+00
1.862683176994323730e+00;-3.364373922348022461e+00
2.488900184631347656e+00;-3.893472194671630859e+00
-6.469051837921142578e+00;-1.569868922233581543e-01
-3.917008638381958008e+00;-1.631554245948791504e+00
8.829570412635803223e-01;-3.896923780441284180e+00
4.137861728668212891e-01;-1.795554637908935547e+00
1.093635439872741699e+00;-4.818378448486328125e+00
1.179636955261230469e+00;-5.655450820922851562e+00
2.160509586334228516e+00;-4.970200955867767334e-01
-4.570983409881591797e+00;-2.368076801300048828e+00
3.477856636047363281e+00;-8.536840677261352539e-01
3.232597589492797852e+00;-3.549117088317871094e+00
3.451450824737548828e+00;-4.048580169677734375e+00
3.050559997558593750e+00;-3.651292800903320312e+00
2.093647480010986328e+00;-2.480353713035583496e-01
2.733659029006958008e+00;-7.866747975349426270e-01
2.266754388809204102e+00;3.415584564208984375e-03
1.508864521980285645e+00;-8.404551148414611816e-01
-4.235675334930419922e+00;-1.539625644683837891e+00
2.077603340148925781e+00;-9.861668944358825684e-01
1.281640291213989258e+00;-4.519065856933593750e+00
-5.882259845733642578e+00;-1.373036623001098633e+00
1.118147611618041992e+00;-5.555977344512939453e+00
2.080865144729614258e+00;-5.095877647399902344e+00
2.110872745513916016e+00;-1.640095472335815430e+00
1.991604328155517578e+00;-3.666407585144042969e+00
2.961403608322143555e+00;1.810048818588256836e-01
-4.366959095001220703e+00;-3.353600025177001953e+00
-4.756233215332031250e+00;5.813592672348022461e-01
1.723592519760131836e+00;5.816317796707153320e-01
1.357574701309204102e+00;-3.654675245285034180e+00
2.210235118865966797e+00;-3.509084463119506836e+00
-5.999693870544433594e+00;-1.864214420318603516e+00
-3.364395380020141602e+00;-1.526763200759887695e+00
1.496110677719116211e+00;-3.472625970840454102e+00
2.783100605010986328e+00;-4.019361019134521484e+00
2.881348848342895508e+00;-2.737934827804565430e+00
-5.516180992126464844e+00;-1.271418333053588867e+00
-4.683108329772949219e+00;2.928451299667358398e-01
2.583878278732299805e+00;-5.772116184234619141e-01
1.734054565429687500e+00;-3.957439661026000977e+00
-4.182519912719726562e+00;-4.354708790779113770e-01
2.148359775543212891e+00;-2.879787445068359375e+00
-4.085835933685302734e+00;-3.050749897956848145e-01
-5.115691661834716797e+00;-2.629831552505493164e+00
1.347924232482910156e+00;-2.227797269821166992e+00
-6.218647003173828125e+00;-1.990031719207763672e+00
-5.183271408081054688e+00;2.449210882186889648e-01
-5.468101501464843750e+00;-7.917600870132446289e-02
3.301815271377563477e+00;-3.922542095184326172e+00
3.586606025695800781e+00;-3.577414989471435547e+00
-4.980363368988037109e+00;-2.034133672714233398e+00
-4.254957199096679688e+00;-1.816516160964965820e+00
1.365597844123840332e+00;-3.029505252838134766e+00
3.076797962188720703e+00;-3.993449211120605469e+00
3.353502035140991211e+00;-1.014818668365478516e+00
1.675341367721557617e+00;-1.385804414749145508e-01
-4.641972064971923828e+00;-1.816597580909729004e+00
3.539220094680786133e+00;-1.634817719459533691e+00
2.181092739105224609e+00;-3.015153646469116211e+00
-5.414865970611572266e+00;1.005766987800598145e+00
1.256221294403076172e+00;-4.977794289588928223e-01
1.049390316009521484e+00;-4.380685806274414062e+00
-4.308681011199951172e+00;3.642790317535400391e-01
1.755588054656982422e-01;1.443231582641601562e+00
-5.381911754608154297e+00;-3.789911270141601562e-01
2.083440303802490234e+00;-6.224697113037109375e+00
3.362626552581787109e+00;-1.011759877204895020e+00
2.217145681381225586e+00;-4.014897346496582031e+00
2.107336759567260742e+00;-3.356221199035644531e+00
2.084811449050903320e+00;-7.676146030426025391e-01
-5.029374599456787109e+00;-6.577472686767578125e-01
3.663572788238525391e+00;9.366959333419799805e-01
2.394012689590454102e+00;-1.400907754898071289e+00
3.696999549865722656e-01;5.222986936569213867e-01
-4.995052337646484375e+00;-1.057382822036743164e+00
1.065291881561279297e+00;-4.241826057434082031e+00
-5.109889984130859375e+00;-5.771600008010864258e-01
2.992198467254638672e+00;-2.524059534072875977e+00
-3.471145153045654297e+00;7.231310606002807617e-01
3.148677110671997070e+00;-7.370042800903320312e-02
1.697636485099792480e+00;-5.450661659240722656e+00
2.153589248657226562e+00;-1.636490702629089355e+00
-5.614055633544921875e+00;-1.649949550628662109e-01
-6.417111396789550781e+00;-1.028136253356933594e+00
-3.423667192459106445e+00;-1.023392677307128906e+00
-5.881293773651123047e+00;-2.202314376831054688e+00
-4.713766574859619141e+00;-7.424558997154235840e-01
-6.148401260375976562e+00;-2.012798786163330078e+00
3.716677904129028320e+00;-1.124404668807983398e+00
-5.770518302917480469e+00;-1.399606704711914062e+00
-4.816327571868896484e+00;-3.511593341827392578e-01
1.523756504058837891e+00;-4.666893482208251953e+00
-4.244392395019531250e+00;-1.395056009292602539e+00
1.478540658950805664e+00;3.412333726882934570e-01
2.187586784362792969e+00;-5.532530307769775391e+00
-5.883557796478271484e+00;-6.830745339393615723e-01
1.891134858131408691e+00;-4.538047790527343750e+00
2.362002611160278320e+00;-3.584423303604125977e+00
2.974892854690551758e+00;6.827929019927978516e-01
2.802687406539916992e+00;-5.494570732116699219e+00
1.047516584396362305e+00;-2.168190002441406250e+00
4.692965745925903320e-01;-3.969311237335205078e+00
-6.172809600830078125e+00;-4.652980566024780273e-01
2.141530513763427734e+00;7.864768505096435547e-01
-4.359666347503662109e+00;-1.276755452156066895e+00
-4.604164600372314453e+00;-5.409176349639892578e-01
4.281793832778930664e-01;-4.224035739898681641e+00
1.031975030899047852e+00;-1.253488779067993164e+00
3.813164710998535156e+00;2.078834772109985352e-01
2.136270999908447266e+00;-1.280177235603332520e+00
-3.114428997039794922e+00;-1.930481791496276855e-01
2.019844055175781250e+00;-1.686655759811401367e+00
1.676938891410827637e+00;-7.942823171615600586e-01
3.060090541839599609e-01;-3.217835187911987305e+00
1.527574062347412109e+00;-5.903376340866088867e-01
-5.857392311096191406e+00;-1.922867059707641602e+00
2.877947330474853516e+00;-2.512518167495727539e+00
-4.068136215209960938e+00;-4.048584938049316406e+00
2.898212194442749023e+00;-2.402761220932006836e+00
-5.788022041320800781e+00;-8.518865704536437988e-01
1.229832887649536133e+00;-5.305136680603027344e+00
-2.425711154937744141e-01;-3.876817226409912109e+00
-5.010459423065185547e+00;-2.740735054016113281e+00
2.263502359390258789e+00;-5.979444384574890137e-01
3.539128065109252930e+00;6.237608194351196289e-01
2.887095928192138672e+00;-3.361778497695922852e+00
-2.795358896255493164e+00;-1.472513437271118164e+00
2.136232852935791016e+00;-6.556934118270874023e-01
3.876443624496459961e+00;-5.056869983673095703e+00
2.144952297210693359e+00;-3.405649423599243164e+00
2.234325170516967773e+00;-1.546616315841674805e+00
-4.218047142028808594e+00;-7.529375553131103516e-01
-5.770833015441894531e+00;-7.093491554260253906e-01
2.801552295684814453e+00;-1.023048162460327148e+00
2.059181928634643555e+00;-5.969993591308593750e+00
1.939314484596252441e+00;-3.981064796447753906e+00
-6.535894393920898438e+00;-1.201854228973388672e+00
-5.110023021697998047e-01;-6.769990921020507812e+00
2.461449146270751953e+00;-3.509783148765563965e-01
-4.829886436462402344e+00;-8.311864733695983887e-01
-4.381360054016113281e+00;-4.409698247909545898e-01
-4.950238227844238281e+00;-8.369905352592468262e-01
-5.887697696685791016e+00;-9.917628765106201172e-01
3.889576673507690430e+00;-4.959122657775878906e+00
1.350933313369750977e+00;-4.443336963653564453e+00
-4.556924819946289062e+00;-2.142933368682861328e+00
3.054816722869873047e+00;-6.712259054183959961e-01
-5.579601764678955078e+00;-1.160869121551513672e+00
3.539014816284179688e+00;-4.002851009368896484e+00
-7.162791728973388672e+00;-1.792004823684692383e+00
1.494782447814941406e+00;-9.645483493804931641e-01
-4.000927448272705078e+00;-6.676054000854492188e-01
3.156428813934326172e+00;-1.534494996070861816e+00
-4.671677589416503906e+00;-2.014046669006347656e+00
1.812085270881652832e+00;-2.317653298377990723e-01
-3.971994400024414062e+00;-1.066140294075012207e+00
-6.181176185607910156e+00;-1.227400779724121094e+00
1.833871722221374512e+00;9.062559604644775391e-01
-5.665165424346923828e+00;-4.647720456123352051e-01
2.537524700164794922e+00;-2.852189540863037109e+00
1.804170370101928711e+00;-3.890890121459960938e+00
-6.872883796691894531e+00;-1.606029272079467773e+00
-3.160003185272216797e+00;8.502045869827270508e-01
-5.479628562927246094e+00;-6.520446538925170898e-01
-6.121440887451171875e+00;-1.105140566825866699e+00
-6.192251682281494141e+00;-2.317425012588500977e-01
2.375020742416381836e+00;8.195866346359252930e-01
2.723006010055541992e+00;1.963254213333129883e-01
1.948133587837219238e+00;-2.762189865112304688e+00
8.984222412109375000e-01;-2.279533147811889648e+00
1.961436629295349121e+00;-1.906756639480590820e+00
-3.191253900527954102e+00;-2.538291454315185547e+00
-7.606291770935058594e+00;6.418669223785400391e-01
2.732981443405151367e+00;-1.421439647674560547e+00
-5.232981204986572266e+00;-1.576928853988647461e+00
2.414427518844604492e+00;-4.294351577758789062e+00
1.111860036849975586e+00;-4.918664932250976562e+00
-5.131546974182128906e+00;-1.509061098098754883e+00
-5.237031459808349609e+00;-8.179395794868469238e-01
1.255307197570800781e+00;-5.678684711456298828e+00
1.720174074172973633e+00;-2.375915050506591797e-01
1.679755687713623047e+00;-3.438885211944580078e+00
2.667916774749755859e+00;1.981453895568847656e-01
-4.646902561187744141e+00;-4.155275821685791016e-01
2.792063713073730469e+00;-4.366813182830810547e+00
2.713800430297851562e+00;-3.355084657669067383e+00
1.511342048645019531e+00;-5.419674396514892578e+00
2.425238370895385742e+00;-5.708898067474365234e+00
-4.441884040832519531e+00;-1.444864869117736816e+00
1.132475852966308594e+00;-3.590471982955932617e+00
4.482454299926757812e+00;-6.337797164916992188e+00
1.807736992835998535e+00;-4.001126766204833984e+00
-4.739523887634277344e+00;-2.142608165740966797e-01
-5.075407981872558594e+00;-7.296001911163330078e-01
-5.649825572967529297e+00;-1.374346733093261719e+00
2.174295902252197266e+00;-5.109026432037353516e+00
-5.454310417175292969e+00;-3.265180826187133789e+00
1.292848825454711914e+00;-3.008406400680541992e+00
-6.259729385375976562e+00;-1.985312342643737793e+00
1.733636021614074707e+00;-1.087055206298828125e+00
3.734994888305664062e+00;-3.769061565399169922e+00
2.893463611602783203e+00;-4.968986511230468750e+00
-5.663164138793945312e+00;-1.321462988853454590e-01
-5.054288387298583984e+00;1.158111333847045898e+00
-5.804638385772705078e+00;-8.443027138710021973e-01
1.248001337051391602e+00;5.773900747299194336e-01
1.242473602294921875e+00;7.279764413833618164e-01
1.928733110427856445e+00;-7.418349385261535645e-01
4.297421455383300781e+00;-4.946012496948242188e+00
-3.841646671295166016e+00;-1.827776193618774414e+00
2.607258796691894531e+00;-5.879394531250000000e+00
-4.436531066894531250e+00;1.113179445266723633e+00
3.455094337463378906e+00;-6.333382129669189453e-01
2.395330905914306641e+00;-4.259817600250244141e+00
1.891252994537353516e+00;3.097808361053466797e-02
2.523725509643554688e+00;-1.746395826339721680e+00
-4.665691375732421875e+00;2.121459722518920898e+00
-5.320520401000976562e+00;-1.247786998748779297e+00
3.203846454620361328e+00;-2.532335758209228516e+00
2.557308673858642578e+00;-5.598356723785400391e+00
6.542657613754272461e-01;-3.981616020202636719e+00
4.144072532653808594e-01;-1.703073978424072266e+00
1.586034417152404785e+00;-4.001348018646240234e-01
1.453875541687011719e+00;-1.780527353286743164e+00
-6.142161846160888672e+00;-2.302799224853515625e+00
2.091672897338867188e+00;4.815789461135864258e-01
-4.737553596496582031e+00;-1.515798091888427734e+00
7.719802856445312500e-02;-4.996994972229003906e+00
1.612901926040649414e+00;-4.238717555999755859e+00
-6.983689308166503906e+00;-1.638484954833984375e+00
2.706875085830688477e+00;-7.846317887306213379e-01
-2.225126981735229492e+00;1.811318397521972656e-01
2.180942535400390625e+00;-6.112040519714355469e+00
2.965020179748535156e+00;-2.455990314483642578e+00
1.594263553619384766e+00;-1.454513669013977051e-01
2.089512109756469727e+00;-2.418359756469726562e+00
2.912246465682983398e+00;-4.179732799530029297e+00
-1.207419633865356445e-01;-2.994756937026977539e+00
2.030440807342529297e+00;-3.948218107223510742e+00
7.656503915786743164e-01;-2.994333028793334961e+00
2.311490535736083984e+00;-5.101966857910156250e+00
2.989682912826538086e+00;-7.915428876876831055e-01
2.018144845962524414e+00;-4.394059181213378906e+00
4.894446134567260742e-01;-4.826756000518798828e+00
-4.475244522094726562e+00;-9.991217255592346191e-01
1.347524166107177734e+00;-4.042438268661499023e-01
-4.582667350769042969e-02;-1.277010202407836914e+00
1.403818845748901367e+00;-4.564714431762695312e+00
-5.763947963714599609e+00;1.647855043411254883e+00
1.661912083625793457e+00;-5.494714736938476562e+00
1.745899796485900879e+00;-3.042383670806884766e+00
4.449168205261230469e+00;-1.731546521186828613e+00
2.635790109634399414e+00;-2.827389717102050781e+00
-3.657628774642944336e+00;-9.770074486732482910e-01
1.951491355895996094e+00;-5.586613178253173828e+00
2.050304651260375977e+00;-3.708622694015502930e+00
2.539042711257934570e+00;-2.582845687866210938e+00
2.521186351776123047e+00;-1.063459396362304688e+00
3.038155078887939453e+00;2.356282472610473633e-01
5.280099868774414062e+00;-1.709515571594238281e+00
-5.801677227020263672e+00;1.420426368713378906e-01
2.409501552581787109e+00;-1.357920408248901367e+00
2.940587759017944336e+00;-2.211112499237060547e+00
-5.931026935577392578e+00;-1.798218846321105957e+00
-3.035379648208618164e+00;3.316062688827514648e-01
2.048821449279785156e+00;-4.432665348052978516e+00
6.059417724609375000e-01;-6.718971133232116699e-01
1.158472657203674316e+00;-3.960618078708648682e-01
4.302219152450561523e-01;-5.446898460388183594e+00
1.489248037338256836e+00;-3.109226465225219727e+00
1.396845817565917969e+00;7.145378589630126953e-01
-3.579638004302978516e+00;-1.597790479660034180e+00
2.932350635528564453e+00;-1.659271121025085449e-01
-6.117096424102783203e+00;-1.346659541130065918e+00
3.080084323883056641e+00;-9.452458024024963379e-01
-4.229105949401855469e+00;-4.297375082969665527e-01
-4.503720283508300781e+00;-7.397678494453430176e-01
-4.269006729125976562e+00;-1.263909339904785156e+00
1.233533859252929688e+00;-1.567846775054931641e+00
-5.504837989807128906e+00;-1.283991336822509766e-01
2.734197378158569336e-01;-5.114156723022460938e+00
2.218448638916015625e+00;-5.669692993164062500e+00
1.086228847503662109e+00;-4.969967842102050781e+00
-6.727647781372070312e-02;-4.386751651763916016e+00
1.771503806114196777e+00;-4.542935371398925781e+00
1.073452472686767578e+00;-1.278525590896606445e+00
1.577896833419799805e+00;-1.245649695396423340e+00
-5.855515956878662109e+00;2.802091836929321289e-01
6.988061666488647461e-01;-3.559723377227783203e+00
1.113852977752685547e+00;-5.016629695892333984e+00
2.066847085952758789e+00;-6.505852699279785156e+00
-6.018438339233398438e+00;8.168181180953979492e-01
-4.594164371490478516e+00;-5.698332786560058594e-01
2.184988975524902344e+00;-3.337780475616455078e+00
-4.062967777252197266e+00;-2.001299142837524414e+00
2.133136034011840820e+00;-4.010040283203125000e+00
1.851834297180175781e+00;-5.149499893188476562e+00
2.699066638946533203e+00;-2.651017904281616211e-01
1.228083610534667969e+00;-4.190361499786376953e+00
2.223375082015991211e+00;-4.630748748779296875e+00
-3.799181461334228516e+00;-7.757397890090942383e-01
4.158573627471923828e+00;-1.419434070587158203e+00
1.146092057228088379e+00;1.528668880462646484e+00
-5.599902153015136719e+00;-1.103465914726257324e+00
-5.082742691040039062e+00;-2.150787353515625000e+00
2.552164316177368164e+00;-5.537738323211669922e+00
9.773448705673217773e-01;-2.254070520401000977e+00
-5.392538070678710938e+00;-2.889359474182128906e+00
1.015933036804199219e+00;-4.103165626525878906e+00
-6.143322467803955078e+00;-1.865992546081542969e+00
-4.753341674804687500e+00;-7.582188248634338379e-01
-5.403322219848632812e+00;-8.881436586380004883e-01
3.573810577392578125e+00;-7.956355810165405273e-01
1.545965671539306641e+00;-3.839935779571533203e+00
1.793007969856262207e+00;-2.133142948150634766e-02
1.617284178733825684e+00;-5.240531921386718750e+00
-5.931938648223876953e+00;-1.455728054046630859e+00
2.589638948440551758e+00;6.236821413040161133e-01
2.873655796051025391e+00;-2.615647315979003906e+00
2.763338088989257812e+00;-7.899966239929199219e-01
-4.737903118133544922e+00;1.376401185989379883e-01
2.529358625411987305e+00;-2.014894962310791016e+00
-3.829584121704101562e-01;-1.040310025215148926e+00
1.383706331253051758e+00;-1.545858263969421387e+00
2.288472890853881836e+00;-4.173593044281005859e+00
1.733700275421142578e+00;-1.458403706550598145e+00
-3.997831344604492188e+00;-9.158670902252197266e-01
-4.208395481109619141e+00;2.694380760192871094e+00
3.574942111968994141e+00;-1.787955522537231445e+00
-5.833720207214355469e+00;-5.475386381149291992e-01
3.144383907318115234e+00;-4.322836399078369141e+00
-4.533314228057861328e+00;-1.170357584953308105e+00
9.615789651870727539e-01;-6.881206035614013672e-01
2.032246112823486328e+00;-5.717425346374511719e-01
1.045935273170471191e+00;-1.171541452407836914e+00
3.030503749847412109e+00;-3.747363805770874023e+00
2.514750480651855469e+00;-4.628767490386962891e+00
-6.270506858825683594e+00;-1.819296360015869141e+00
2.402235507965087891e+00;-6.605161428451538086e-01
-6.674961566925048828e+00;-1.545760869979858398e+00
3.140353679656982422e+00;-9.195226430892944336e-01
2.037304878234863281e+00;-3.454797267913818359e+00
1.003492832183837891e+00;-3.756181001663208008e+00
3.615132093429565430e+00;2.818298339843750000e-01
2.220525741577148438e+00;-4.971399784088134766e+00
4.240617275238037109e+00;-4.709176421165466309e-01
-4.459170341491699219e+00;-2.875486373901367188e+00
2.197001218795776367e+00;-1.647703409194946289e+00
1.336637496948242188e+00;-3.945192813873291016e+00
1.150440096855163574e+00;-5.967143058776855469e+00
1.008417844772338867e+00;-3.031122922897338867e+00
2.431591033935546875e+00;-4.108733654022216797e+00
1.587895870208740234e+00;-1.304041147232055664e+00
8.122242689132690430e-01;-4.745140075683593750e+00
2.378144502639770508e+00;-4.188344955444335938e+00
-6.373690128326416016e+00;-8.798626661300659180e-01
1.918768763542175293e+00;-2.801946401596069336e+00
-4.421692371368408203e+00;-1.393773794174194336e+00
-6.075245857238769531e+00;-8.355636000633239746e-01
1.741226077079772949e+00;-3.007934093475341797e+00
2.116631984710693359e+00;-4.293151855468750000e+00
2.670852184295654297e+00;-5.639470577239990234e+00
-4.569982528686523438e+00;-2.102833509445190430e+00
1.625958800315856934e+00;-1.308132767677307129e+00
-5.179249763488769531e+00;-9.171037673950195312e-01
1.247895359992980957e+00;1.779971837997436523e+00
-4.538001060485839844e+00;-2.542332410812377930e+00
2.483479976654052734e+00;-1.812184453010559082e-01
1.347567319869995117e+00;-5.548163890838623047e+00
3.080040216445922852e+00;-9.620687961578369141e-01
2.878125429153442383e+00;-1.661837577819824219e+00
-1.140327930450439453e+00;-9.718246459960937500e-01
-3.567076206207275391e+00;-4.067731499671936035e-01
-5.648954391479492188e+00;-2.216504573822021484e+00
-3.767678737640380859e+00;-1.816708445549011230e+00
-1.821134090423583984e-01;-4.049471855163574219e+00
3.470149993896484375e+00;-5.255275964736938477e-01
-5.472214221954345703e+00;4.711523056030273438e-01
3.766265153884887695e+00;1.132143139839172363e-01
2.292981147766113281e+00;-4.420578479766845703e-01
7.591730356216430664e-01;-6.099837779998779297e+00
1.353315830230712891e+00;2.238816022872924805e-01
-5.238770008087158203e+00;-3.295720219612121582e-01
-4.007969856262207031e+00;-1.869951725006103516e+00
-4.710459232330322266e+00;-1.150909781455993652e+00
-5.046753406524658203e+00;6.149506568908691406e-01
-4.392167091369628906e+00;-1.075936317443847656e+00
1.884642720222473145e+00;-3.868731498718261719e+00
2.310466289520263672e+00;6.965345144271850586e-02
1.731578111648559570e+00;6.273388862609863281e-03
-4.701236724853515625e+00;-9.238112568855285645e-01
3.620166063308715820e+00;-8.551590442657470703e-01
2.286097049713134766e+00;-2.103673219680786133e+00
1.319463968276977539e+00;-5.755320549011230469e+00
-4.435000419616699219e+00;-1.321796774864196777e-01
2.490893602371215820e+00;-4.763094902038574219e+00
2.290040731430053711e+00;-1.400841116905212402e+00
1.044773340225219727e+00;-9.817273616790771484e-01
-5.545268535614013672e+00;-7.391378879547119141e-01
1.651950716972351074e+00;-3.939846992492675781e+00
2.589126825332641602e+00;-2.075679779052734375e+00
-4.919528007507324219e+00;5.417128801345825195e-01
9.867368340492248535e-01;-4.200685977935791016e+00
2.942248821258544922e+00;-4.078729629516601562e+00
-4.243698596954345703e+00;-1.181347131729125977e+00
2.414829254150390625e+00;-1.767683982849121094e+00
-5.124602794647216797e+00;-1.024425148963928223e+00
1.485646009445190430e+00;-4.864304542541503906e+00
2.774284362792968750e+00;-5.768034934997558594e+00
3.891125679016113281e+00;-2.641754627227783203e+00
1.334726095199584961e+00;-2.009187221527099609e+00
9.795579910278320312e-01;-1.274964332580566406e+00
2.867094993591308594e+00;-9.522063136100769043e-01
-2.732120513916015625e+00;1.251966953277587891e-01
-4.493600368499755859e+00;-7.703002095222473145e-01
1.489688992500305176e+00;-3.330714225769042969e+00
2.155736923217773438e+00;-3.087393760681152344e+00
1.106952905654907227e+00;-1.467531323432922363e+00
3.477596282958984375e+00;-9.274959564208984375e-03
-5.198683738708496094e+00;-1.416172504425048828e+00
9.276960492134094238e-01;-4.909084796905517578e+00
-5.764767646789550781e+00;-6.711447238922119141e-01
3.410276889801025391e+00;-2.593938589096069336e+00
2.008690834045410156e+00;-1.672035932540893555e+00
2.153958082199096680e+00;-9.388399720191955566e-01
2.598754405975341797e+00;-1.324082970619201660e+00
2.625958204269409180e+00;-3.979102611541748047e+00
2.591390132904052734e+00;6.900472640991210938e-01
-2.387006998062133789e+00;-1.955186724662780762e-01
-4.729910373687744141e+00;-1.937935113906860352e+00
-6.503755569458007812e+00;-5.828438401222229004e-01
3.093970775604248047e+00;-1.539912700653076172e+00
3.328568458557128906e+00;-4.090705871582031250e+00
2.072170257568359375e+00;-2.773878812789916992e+00
2.619806528091430664e+00;-4.496057987213134766e+00
1.087659001350402832e+00;-3.082018136978149414e+00
2.760295867919921875e+00;-3.941591978073120117e+00
2.187340974807739258e+00;-3.721297264099121094e+00
-4.075202941894531250e+00;-1.309934020042419434e+00
-8.639163970947265625e-01;-3.632718086242675781e+00
-3.261482715606689453e+00;-1.150480508804321289e+00
-4.599633216857910156e+00;7.606123685836791992e-01
1.979520201683044434e+00;-2.724193572998046875e+00
1.534852027893066406e+00;-7.678534388542175293e-01
-5.884651184082031250e+00;3.148789405822753906e-01
-5.670465946197509766e+00;-2.978066205978393555e+00
4.373575210571289062e+00;-5.488491058349609375e+00
-5.296447753906250000e+00;-6.362495422363281250e-01
2.424677133560180664e+00;-3.098680973052978516e+00
2.218834638595581055e+00;7.299859523773193359e-01
2.581885099411010742e+00;6.132817268371582031e-02
1.733440041542053223e+00;-2.467684984207153320e+00
2.105456829071044922e+00;1.319001436233520508e+00
2.168057203292846680e+00;-1.421317815780639648e+00
1.760557770729064941e+00;-1.986834764480590820e+00
2.063085794448852539e+00;-1.508444547653198242e-02
-5.179078578948974609e+00;2.242951393127441406e-01
-4.575634956359863281e+00;-1.730396509170532227e+00
3.529917716979980469e+00;-3.637090682983398438e+00
1.650779008865356445e+00;-3.198977112770080566e-01
-4.979066371917724609e+00;-1.052049160003662109e+00
-5.935034751892089844e+00;7.255672216415405273e-01
2.870973348617553711e-01;-4.714184284210205078e+00
2.180354595184326172e+00;-1.399371743202209473e+00
5.526744127273559570e-01;-7.166957855224609375e-01
1.832402229309082031e+00;1.746722459793090820e-01
6.427788734436035156e-02;-3.048598766326904297e+00
3.155211210250854492e-01;2.545725107192993164e-01
2.253958940505981445e+00;-2.290224552154541016e+00
-4.502243995666503906e+00;-4.871184229850769043e-01
1.214205265045166016e+00;-3.037926197052001953e+00
2.901235342025756836e+00;-1.784928798675537109e+00
2.090267181396484375e+00;-3.585189104080200195e+00
-4.982105255126953125e+00;-1.309392213821411133e+00
3.924206733703613281e+00;-8.131133913993835449e-01
-5.596094608306884766e+00;-4.651387333869934082e-01
-4.203993797302246094e+00;-2.483347892761230469e+00
7.950130701065063477e-01;-4.466587543487548828e+00
2.198580741882324219e+00;-4.439012050628662109e+00
1.618373751640319824e+00;-2.810777664184570312e+00
1.716208457946777344e+00;-5.192974090576171875e+00
2.718017101287841797e+00;-2.601160287857055664e+00
1.714989781379699707e+00;-4.227845191955566406e+00
-4.706635475158691406e+00;-1.249234676361083984e-01
1.500021100044250488e+00;-7.815605998039245605e-01
7.332103252410888672e-01;-1.653835654258728027e+00
-5.427913188934326172e+00;-1.473021507263183594e+00
1.163370966911315918e+00;-3.359971284866333008e+00
2.085284233093261719e+00;-3.740972995758056641e+00
2.209629535675048828e+00;-7.293847799301147461e-01
-5.396968841552734375e+00;-1.777706384658813477e+00
1.918751716613769531e+00;-4.657842159271240234e+00
2.443557739257812500e+00;1.146458387374877930e+00
-5.897049903869628906e+00;-5.625158548355102539e-01
-5.629786491394042969e+00;-1.361631155014038086e-01
-5.301770687103271484e+00;-2.250380992889404297e+00
-4.444190979003906250e+00;-4.346166849136352539e-01
1.376490831375122070e+00;-5.172801971435546875e+00
2.161576747894287109e+00;-4.265425205230712891e+00
1.164390206336975098e+00;-4.160244464874267578e-01
-6.095290184020996094e+00;-1.166264653205871582e+00
