-4.032017707824707031e+00;-8.848596811294555664e-01
-5.469444274902343750e+00;-1.339469671249389648e+00
-6.969042301177978516e+00;4.296771883964538574e-01
-5.972248077392578125e+00;-3.446831107139587402e-01
-6.038184642791748047e+00;3.567538261413574219e-01
-6.108124256134033203e+00;-6.522924304008483887e-01
-4.608241558074951172e+00;-1.857930183410644531e+00
-4.311450481414794922e+00;-4.918627440929412842e-01
-4.415893077850341797e+00;-5.686835646629333496e-01
-6.075404644012451172e+00;-2.149071693420410156e-01
-6.490735530853271484e+00;-2.362400293350219727e-01
-5.157116413116455078e+00;2.657117843627929688e-01
-5.050118923187255859e+00;-9.733768701553344727e-01
-4.438839435577392578e+00;-1.999324083328247070e+00
-6.246108531951904297e+00;2.007443457841873169e-02
-5.900505065917968750e+00;-1.895733714103698730e+00
-5.435571193695068359e+00;-1.018569707870483398e+00
-4.750423908233642578e+00;-1.613629460334777832e+00
-3.413680553436279297e+00;-1.221059322357177734e+00
-7.005174636840820312e+00;3.091157674789428711e-01
-4.576271533966064453e+00;-1.844397068023681641e+00
-4.980412483215332031e+00;9.741150587797164917e-02
-5.707308769226074219e+00;-8.958451747894287109e-01
-5.114354133605957031e+00;7.638339698314666748e-02
-4.504552841186523438e+00;-1.483434677124023438e+00
-5.547286987304687500e+00;-4.514249265193939209e-01
-4.921653747558593750e+00;-6.922167539596557617e-01
-4.306027412414550781e+00;2.925392687320709229e-01
-5.413311004638671875e+00;-5.081146955490112305e-01
-5.231813430786132812e+00;-3.795041441917419434e-01
-5.661779403686523438e+00;1.278607547283172607e-01
-5.145961761474609375e+00;1.049436256289482117e-01
-3.826348066329956055e+00;-9.482921361923217773e-01
-3.115571498870849609e+00;1.199536442756652832e+00
-3.814580440521240234e+00;-7.190936803817749023e-01
-5.668853759765625000e+00;-7.591973543167114258e-01
-3.916117668151855469e+00;-2.164049297571182251e-01
-5.482651233673095703e+00;2.401978969573974609e-01
-5.743736267089843750e+00;-2.358895778656005859e+00
-4.944300651550292969e+00;3.114128112792968750e-02
-5.225966453552246094e+00;-2.049447447061538696e-01
-4.400064468383789062e+00;-6.642738580703735352e-01
-5.007613182067871094e+00;-8.508734405040740967e-03
-4.944145679473876953e+00;-1.492846250534057617e+00
-5.091038703918457031e+00;-1.812251448631286621e+00
-6.506386280059814453e+00;4.791636168956756592e-01
-5.328136920928955078e+00;-3.468302488327026367e-01
-5.486224651336669922e+00;-1.863252878189086914e+00
-6.351058006286621094e+00;-1.780013918876647949e+00
-5.477667331695556641e+00;1.649147570133209229e-01
-4.952662467956542969e+00;-1.549843549728393555e+00
-5.297819137573242188e+00;-4.681808948516845703e-01
-5.558794498443603516e+00;-9.029324650764465332e-01
-5.635790348052978516e+00;-1.260223865509033203e+00
-4.127860069274902344e+00;-1.168732404708862305e+00
-5.055752277374267578e+00;-1.163515210151672363e+00
-6.983988761901855469e+00;-6.564509272575378418e-01
-5.038441658020019531e+00;-1.799588441848754883e+00
-6.007084846496582031e+00;-2.032839298248291016e+00
-5.807297706604003906e+00;6.100891828536987305e-01
-3.617935657501220703e+00;-1.358819007873535156e+00
-5.690679550170898438e+00;-2.182130813598632812e-01
-6.073173046112060547e+00;5.319095849990844727e-01
-5.822687625885009766e+00;-1.442229509353637695e+00
-4.711092472076416016e+00;-1.681620836257934570e+00
-5.240141868591308594e+00;-6.067708730697631836e-01
-5.724865913391113281e+00;-1.509154081344604492e+00
-5.180821895599365234e+00;-1.410714626312255859e+00
-6.063325881958007812e+00;-9.557363986968994141e-01
-2.925466775894165039e+00;-4.294946044683456421e-02
-6.117761611938476562e+00;1.874295622110366821e-02
-4.934464454650878906e+00;-1.258219003677368164e+00
-6.374831199645996094e+00;-4.444620907306671143e-01
-5.970366477966308594e+00;-1.966361641883850098e+00
-2.807155609130859375e+00;-8.102875947952270508e-01
-5.061721324920654297e+00;4.773259758949279785e-01
-5.250514030456542969e+00;-8.595971465110778809e-01
-4.519274234771728516e+00;-3.534103333950042725e-01
-5.076929092407226562e+00;3.164705038070678711e-01
-4.623722076416015625e+00;6.445921659469604492e-01
-4.455448150634765625e+00;-5.723702907562255859e-01
-5.666305065155029297e+00;-8.364194035530090332e-01
-5.042192459106445312e+00;2.991472482681274414e-01
-4.877748966217041016e+00;-1.012361764907836914e+00
-4.940179347991943359e+00;-8.985060453414916992e-02
-5.250767230987548828e+00;-1.396381616592407227e+00
-4.887494087219238281e+00;-7.383455038070678711e-01
-3.535838603973388672e+00;-1.050005078315734863e+00
-6.415216445922851562e+00;-2.199884891510009766e+00
-5.801781654357910156e+00;-1.442036747932434082e+00
-4.773444652557373047e+00;-3.363265395164489746e-01
-5.170334815979003906e+00;-2.148254871368408203e+00
-5.510538101196289062e+00;-1.454643011093139648e+00
-4.862082004547119141e+00;-6.933426856994628906e-01
-4.403727531433105469e+00;-1.890439391136169434e+00
-4.692642211914062500e+00;-1.458036899566650391e+00
-4.786158561706542969e+00;-7.819934487342834473e-01
-5.321562290191650391e+00;-2.346301823854446411e-02
-5.537314414978027344e+00;-6.393829584121704102e-01
-5.527739524841308594e+00;-2.350250482559204102e+00
-3.681753158569335938e+00;-9.209203124046325684e-01
-5.737313270568847656e+00;-2.150533914566040039e+00
-3.833239555358886719e+00;-1.609626412391662598e+00
-3.674961566925048828e+00;-1.217509746551513672e+00
-4.785846710205078125e+00;-7.850973606109619141e-01
-4.664575576782226562e+00;-3.141309618949890137e-01
-4.505046844482421875e+00;-9.981296211481094360e-02
-3.468739986419677734e+00;-5.056802034378051758e-01
-6.249439716339111328e+00;-1.133942604064941406e+00
-5.417317867279052734e+00;-1.164273500442504883e+00
-5.443646430969238281e+00;-8.300201594829559326e-02
-4.230472087860107422e+00;-1.279855489730834961e+00
-4.671048641204833984e+00;-1.768172740936279297e+00
-5.945158481597900391e+00;-3.421218991279602051e-01
-5.573136806488037109e+00;-8.424568176269531250e-01
-5.428644657135009766e+00;-2.945092320442199707e-01
-5.018914222717285156e+00;1.664109528064727783e-01
-5.116375446319580078e+00;5.607210993766784668e-01
-3.398467540740966797e+00;-4.895661771297454834e-01
-5.177848815917968750e+00;-6.622853279113769531e-01
-5.514973640441894531e+00;-6.746752858161926270e-01
-6.546105861663818359e+00;-3.257670998573303223e-02
-4.671391963958740234e+00;-7.895529270172119141e-01
-5.682090282440185547e+00;-2.258673667907714844e+00
-4.560309410095214844e+00;-9.015092253684997559e-01
-6.000007629394531250e+00;-9.631162881851196289e-01
-4.356627464294433594e+00;-1.555007338523864746e+00
-4.677210330963134766e+00;-5.116067826747894287e-02
-4.633162021636962891e+00;-1.070396184921264648e+00
-6.008676528930664062e+00;1.145449280738830566e-01
-4.735861778259277344e+00;-1.494480848312377930e+00
-4.094023227691650391e+00;-1.929298996925354004e+00
-5.271133422851562500e+00;1.392717838287353516e+00
-4.114629745483398438e+00;-1.317703485488891602e+00
-4.358575820922851562e+00;-7.128992676734924316e-02
-5.133338451385498047e+00;-1.857818245887756348e+00
-6.648935317993164062e+00;-1.972920060157775879e+00
-4.151154994964599609e+00;-1.272770404815673828e+00
-4.204082489013671875e+00;-4.027287364006042480e-01
-3.295692920684814453e+00;-8.479645252227783203e-01
-4.082289218902587891e+00;-4.458190500736236572e-02
-5.504483699798583984e+00;-1.373272895812988281e+00
-4.700685977935791016e+00;-7.948668599128723145e-01
-6.256914138793945312e+00;-7.507871389389038086e-01
-7.861271858215332031e+00;-2.097990512847900391e+00
-4.968836307525634766e+00;-1.904321789741516113e+00
-5.781324863433837891e+00;-1.958092451095581055e+00
-3.677774906158447266e+00;-2.414610683917999268e-01
-6.778754234313964844e+00;-3.659037649631500244e-01
-6.061496257781982422e+00;-2.048039674758911133e+00
-3.611397266387939453e+00;-1.169451117515563965e+00
-5.712738990783691406e+00;-1.630431771278381348e+00
6.789752244949340820e-01;5.919067934155464172e-02
-5.434529304504394531e+00;-7.155077457427978516e-01
-5.728316783905029297e+00;-1.165874004364013672e-01
-3.967870950698852539e+00;-1.671480417251586914e+00
-4.748689651489257812e+00;1.784716546535491943e-01
-4.307495117187500000e+00;-1.808531641960144043e+00
-5.855831146240234375e+00;-6.612617373466491699e-01
-6.082431793212890625e+00;-2.243091017007827759e-01
-5.196759223937988281e+00;-2.322255611419677734e+00
-5.809936046600341797e+00;-1.344609498977661133e+00
-5.144574165344238281e+00;-1.594512701034545898e+00
-5.961867809295654297e+00;-6.792957335710525513e-02
-4.618494033813476562e+00;-1.538936018943786621e+00
-5.441255569458007812e+00;2.899594604969024658e-03
-4.306456565856933594e+00;8.941218852996826172e-01
-4.777428627014160156e+00;-1.284938693046569824e+00
-3.857384681701660156e+00;-5.339506268501281738e-01
-4.828974246978759766e+00;-1.517948389053344727e+00
-5.402412891387939453e+00;-2.493401467800140381e-01
-4.264989852905273438e+00;4.942651093006134033e-02
-6.281607151031494141e+00;-1.310453176498413086e+00
-5.501556873321533203e+00;-3.455267548561096191e-01
-5.768270492553710938e+00;-2.968255877494812012e-01
-4.427083969116210938e+00;-8.727415800094604492e-01
-6.555570602416992188e+00;3.386140167713165283e-01
-4.499862194061279297e+00;-6.923971176147460938e-01
-5.032411575317382812e+00;-1.851261615753173828e+00
-4.523018836975097656e+00;-2.520559787750244141e+00
-5.778166294097900391e+00;-3.216661810874938965e-01
-5.076171875000000000e+00;-1.612830162048339844e+00
-4.600610733032226562e+00;-1.132990598678588867e+00
-5.384313106536865234e+00;-2.509318351745605469e+00
-4.955821037292480469e+00;-1.130501866340637207e+00
-6.304341793060302734e+00;-2.931959033012390137e-01
-6.498128890991210938e+00;4.458630084991455078e-01
-6.756372451782226562e+00;-8.405729383230209351e-02
-5.560475349426269531e+00;-2.056037336587905884e-01
-5.594995498657226562e+00;-1.410461217164993286e-01
-2.616682767868041992e+00;-5.325727462768554688e-01
-4.775833606719970703e+00;-1.099000930786132812e+00
-3.015200376510620117e+00;-9.694165587425231934e-01
-6.010858058929443359e+00;-6.823437809944152832e-01
-4.650733947753906250e+00;-7.582808732986450195e-01
-4.234940528869628906e+00;-5.252342224121093750e-01
-4.937683582305908203e+00;-3.324933052062988281e-01
-4.497623443603515625e+00;-1.602734923362731934e+00
-4.593656063079833984e+00;-5.235537290573120117e-01
-6.569883346557617188e+00;-1.199471831321716309e+00
-4.938289642333984375e+00;-1.415440559387207031e+00
-3.174549579620361328e+00;2.165263175964355469e+00
-3.474281311035156250e+00;-7.196165323257446289e-01
-5.908154487609863281e+00;6.296344101428985596e-03
-5.753351211547851562e+00;-5.647718906402587891e-01
-4.853782176971435547e+00;-2.043024063110351562e+00
-5.812635421752929688e+00;-1.464351892471313477e+00
-5.573472499847412109e+00;5.386126637458801270e-01
-3.976990938186645508e+00;-1.926089763641357422e+00
-5.758556365966796875e+00;1.458302497863769531e+00
-5.839052677154541016e+00;-2.787707149982452393e-01
-6.537962436676025391e+00;-1.216180562973022461e+00
-6.173176765441894531e+00;-2.112376093864440918e-01
-5.609044075012207031e+00;-1.799889087677001953e+00
-4.772261142730712891e+00;-1.416256308555603027e+00
-4.556415557861328125e+00;-1.453727483749389648e+00
-4.261008262634277344e+00;-1.108303785324096680e+00
-3.624235630035400391e+00;9.238614886999130249e-02
-6.024453639984130859e+00;-3.562179803848266602e-01
-6.549124240875244141e+00;-1.148274540901184082e+00
-3.765284299850463867e+00;-1.424637198448181152e+00
-5.308486461639404297e+00;-1.006008863449096680e+00
-6.132589817047119141e+00;3.067575693130493164e-01
-5.067526817321777344e+00;6.287073343992233276e-02
-4.377225399017333984e+00;9.435321688652038574e-01
-3.447664260864257812e+00;-7.580941319465637207e-01
-4.625382423400878906e+00;-1.500440120697021484e+00
-4.910761833190917969e+00;4.120815396308898926e-01
-6.460905075073242188e+00;-2.301780462265014648e+00
-7.115188598632812500e+00;-7.652779817581176758e-01
-3.662958145141601562e+00;-1.261963129043579102e+00
-5.825462818145751953e+00;-5.158635973930358887e-01
-6.544697761535644531e+00;-2.384661138057708740e-01
-4.400624752044677734e+00;-6.956663131713867188e-01
-5.233559608459472656e+00;-1.081519126892089844e+00
-5.961040496826171875e+00;-1.074441909790039062e+00
-5.909545898437500000e+00;-3.493404686450958252e-01
-4.483265399932861328e+00;-1.298201203346252441e+00
-4.764841079711914062e+00;-1.139406204223632812e+00
-5.486055850982666016e+00;-6.305315494537353516e-01
-3.680972099304199219e+00;-3.429009318351745605e-01
-5.528335571289062500e+00;-2.255673170089721680e+00
-5.293851375579833984e+00;-1.687996834516525269e-01
-6.636538982391357422e+00;-1.954265594482421875e+00
-6.214002132415771484e+00;-1.005490422248840332e+00
-4.662824630737304688e+00;-8.654228448867797852e-01
-5.075369358062744141e+00;-1.466271400451660156e+00
-4.173946857452392578e+00;-5.220726132392883301e-01
-4.052164077758789062e+00;-9.297679066658020020e-01
-7.139306545257568359e+00;-3.702744543552398682e-01
-2.459932088851928711e+00;-4.123069643974304199e-01
-2.942347049713134766e+00;-1.212738990783691406e+00
-5.274099349975585938e+00;-1.716643422842025757e-01
-5.268519401550292969e+00;-2.339203119277954102e+00
-6.441587924957275391e+00;-7.747766971588134766e-01
-4.636028766632080078e+00;-1.462690949440002441e+00
-5.502733707427978516e+00;-6.729613542556762695e-01
-5.517158508300781250e+00;-3.912340700626373291e-01
-6.620015144348144531e+00;-2.099101841449737549e-01
-4.568760871887207031e+00;-7.547228336334228516e-01
-4.563983440399169922e+00;-2.330843955278396606e-01
-4.775216579437255859e+00;4.542726874351501465e-01
-6.303628444671630859e+00;-1.230097889900207520e+00
-4.558515071868896484e+00;-6.145141720771789551e-01
-5.682425498962402344e+00;-5.103163421154022217e-03
-5.641089916229248047e+00;-8.549309968948364258e-01
-5.378626346588134766e+00;-9.445143938064575195e-01
-5.703390121459960938e+00;-1.902277588844299316e+00
-4.886381149291992188e+00;-1.633538007736206055e+00
-3.701568603515625000e+00;-3.161872923374176025e-01
-5.986599922180175781e+00;-1.399836540222167969e+00
-4.908050060272216797e+00;-1.183300733566284180e+00
-5.635139465332031250e+00;-2.340826988220214844e+00
-4.525762081146240234e+00;-3.444100320339202881e-01
-5.729624271392822266e+00;7.221759855747222900e-02
-5.646647453308105469e+00;-9.617472887039184570e-01
-4.163881301879882812e+00;-1.258413076400756836e+00
-6.062737941741943359e+00;-1.178122520446777344e+00
-4.938832759857177734e+00;-1.138004302978515625e+00
-4.658002853393554688e+00;1.599361002445220947e-01
-5.421488761901855469e+00;-8.501020669937133789e-01
-5.724859237670898438e+00;-1.503734350204467773e+00
-5.358300685882568359e+00;-4.863863587379455566e-01
-4.320671081542968750e+00;-3.805511891841888428e-01
-6.039331436157226562e+00;-9.835480451583862305e-01
-5.746778011322021484e+00;-2.268403291702270508e+00
-4.827446460723876953e+00;-2.388067722320556641e+00
-5.109392166137695312e+00;-1.210063338279724121e+00
-5.603425025939941406e+00;1.316841602325439453e+00
-6.342349529266357422e+00;-6.897872090339660645e-01
-6.257712841033935547e+00;-2.020397663116455078e+00
-5.507048606872558594e+00;8.598831892013549805e-01
-2.788490056991577148e+00;-6.714122891426086426e-01
-4.317062854766845703e+00;1.444381326436996460e-01
-6.287555694580078125e+00;-2.484324425458908081e-01
-6.852000236511230469e+00;-5.286551713943481445e-01
-5.854517459869384766e+00;-5.884996652603149414e-01
-4.106558799743652344e+00;-2.348218858242034912e-01
-5.763863086700439453e+00;-1.633907556533813477e+00
-6.237850189208984375e+00;-4.055525958538055420e-01
-5.500428199768066406e+00;4.908261448144912720e-02
-5.462275028228759766e+00;-1.500194072723388672e-01
-4.732737541198730469e+00;-1.322224378585815430e+00
-5.797780990600585938e+00;-2.092672586441040039e+00
-4.456800937652587891e+00;-3.253352046012878418e-01
-4.990082263946533203e+00;4.661984443664550781e-01
-3.829792022705078125e+00;-5.561885833740234375e-01
-7.343001842498779297e+00;9.814901649951934814e-02
-6.006949901580810547e+00;-1.510352015495300293e+00
-6.017612457275390625e+00;-1.137179508805274963e-01
-4.637849807739257812e+00;-1.401850700378417969e+00
-5.428084373474121094e+00;8.980722427368164062e-01
-5.740278720855712891e+00;1.050147712230682373e-01
-5.021745681762695312e+00;-1.259694337844848633e+00
-6.805236816406250000e+00;-4.662830233573913574e-01
-5.468854904174804688e+00;-8.207370042800903320e-01
-5.830059528350830078e+00;-7.321897149085998535e-01
-4.494656562805175781e+00;-2.287181377410888672e+00
-5.831678390502929688e+00;-2.010316371917724609e+00
-4.877173423767089844e+00;-8.726025819778442383e-01
-5.442934513092041016e+00;3.292525708675384521e-01
-5.295889377593994141e+00;-4.810002744197845459e-01
-1.693970918655395508e+00;-1.929399073123931885e-01
-4.957032680511474609e+00;-1.919314622879028320e+00
-4.977843284606933594e+00;-1.150803446769714355e+00
-5.875322341918945312e+00;-2.233484506607055664e+00
-5.663936138153076172e+00;-1.353822946548461914e+00
-5.121283054351806641e+00;-1.761217117309570312e+00
-5.555880546569824219e+00;-8.555215001106262207e-01
-3.756260395050048828e+00;-1.355188608169555664e+00
-4.476348400115966797e+00;-1.414582371711730957e+00
-5.351761817932128906e+00;4.885798394680023193e-01
-5.057250022888183594e+00;-1.500262379646301270e+00
-5.418166160583496094e+00;-7.572526931762695312e-01
-4.618827819824218750e+00;-1.659258604049682617e+00
-5.609406471252441406e+00;6.136967539787292480e-01
-4.459562778472900391e+00;-1.850911378860473633e+00
-3.451066970825195312e+00;-6.212759017944335938e-01
-4.915574073791503906e+00;-1.780633211135864258e+00
-5.487523555755615234e+00;1.641147136688232422e-01
-4.488370895385742188e+00;-1.906834989786148071e-01
-5.376837253570556641e+00;8.898563385009765625e-01
-4.650132179260253906e+00;-2.546965330839157104e-02
-6.066538333892822266e+00;-1.305131435394287109e+00
-5.841476440429687500e+00;-2.384065687656402588e-01
-3.224086046218872070e+00;-7.458093762397766113e-01
-5.566258907318115234e+00;-4.698190689086914062e-01
-5.117264747619628906e+00;1.628043949604034424e-01
-6.367374897003173828e+00;8.292639851570129395e-01
-5.110702514648437500e+00;-1.557637929916381836e+00
-6.736608028411865234e+00;-1.443205922842025757e-01
-3.228123664855957031e+00;-4.570531249046325684e-01
-5.529680728912353516e+00;-6.039857864379882812e-01
-6.017102241516113281e+00;-1.787335127592086792e-01
-6.377535820007324219e+00;-9.234730005264282227e-01
-4.839570045471191406e+00;-2.067007541656494141e+00
-4.473663330078125000e+00;-1.123847603797912598e+00
-5.864809036254882812e+00;-1.858359575271606445e+00
-4.464673995971679688e+00;-1.047761321067810059e+00
-5.084002017974853516e+00;-1.172086119651794434e+00
-5.660637378692626953e+00;3.038917183876037598e-01
-5.015496253967285156e+00;-1.096882745623588562e-01
-5.406813621520996094e+00;-6.239022612571716309e-01
-3.154974222183227539e+00;-7.511391639709472656e-01
-5.782910823822021484e+00;-1.516477108001708984e+00
-6.998349666595458984e+00;-4.683179855346679688e-01
-5.867135047912597656e+00;-1.277029156684875488e+00
-5.057518482208251953e+00;-3.355368971824645996e-01
-4.206292629241943359e+00;-8.051447868347167969e-01
-6.396752834320068359e+00;-3.074856102466583252e-01
-4.595901489257812500e+00;2.419862747192382812e-01
-4.788094997406005859e+00;-1.781725287437438965e+00
-3.734689950942993164e+00;-1.377312183380126953e+00
-5.858073234558105469e+00;-7.797523587942123413e-02
-6.984858989715576172e+00;-6.022604107856750488e-01
-6.181787490844726562e+00;-7.696624398231506348e-01
-6.298939704895019531e+00;-5.058766603469848633e-01
-5.993255138397216797e+00;-6.129995733499526978e-02
-5.068593025207519531e+00;-1.070933580398559570e+00
-5.927709579467773438e+00;-5.294725894927978516e-01
-3.002975225448608398e+00;-1.726298093795776367e+00
-4.660820960998535156e+00;-5.531441569328308105e-01
-3.203978776931762695e+00;-1.756789088249206543e+00
-6.943758964538574219e+00;-6.661553382873535156e-01
-3.798491477966308594e+00;2.358371317386627197e-01
-4.006742477416992188e+00;-8.763051629066467285e-01
-5.760535717010498047e+00;9.911769032478332520e-01
-6.137351036071777344e+00;-2.229513168334960938e+00
-5.027392864227294922e+00;-3.430598080158233643e-01
-5.003563404083251953e+00;-2.504514455795288086e+00
-4.909383296966552734e+00;5.342797040939331055e-01
-4.458677768707275391e+00;-8.639471977949142456e-02
-5.164802551269531250e+00;-1.288956403732299805e+00
-5.282511711120605469e+00;-2.512606978416442871e-01
-4.681246280670166016e+00;-1.441424131393432617e+00
-4.468317985534667969e+00;-1.535817265510559082e+00
-4.582671642303466797e+00;-4.782836437225341797e-01
-6.423482418060302734e+00;-3.520324826240539551e-03
-4.752412319183349609e+00;-1.122708559036254883e+00
-6.619236946105957031e+00;-1.766639232635498047e+00
-4.489834785461425781e+00;-4.063811600208282471e-01
-4.302263259887695312e+00;1.183609142899513245e-01
-5.386895656585693359e+00;-1.298551321029663086e+00
-4.871775150299072266e+00;-9.967348575592041016e-01
-5.663599491119384766e+00;-8.868330717086791992e-01
-5.571704864501953125e+00;-7.314143180847167969e-01
-5.548260211944580078e+00;-1.213626980781555176e+00
-6.417467117309570312e+00;-1.479360938072204590e+00
-4.185549736022949219e+00;-1.537928581237792969e+00
-5.777872562408447266e+00;1.436840891838073730e-01
-4.099505424499511719e+00;-1.460415363311767578e+00
-5.974208831787109375e+00;-1.674669623374938965e+00
-4.970014572143554688e+00;-1.027612447738647461e+00
-5.245523452758789062e+00;-6.085265278816223145e-01
-7.789949417114257812e+00;-2.097930431365966797e+00
-4.667533397674560547e+00;-6.673578023910522461e-01
-6.804337024688720703e+00;-1.030178189277648926e+00
-5.675136566162109375e+00;-4.544077217578887939e-01
-3.945085287094116211e+00;-9.571365118026733398e-01
-5.271443367004394531e+00;-3.099669814109802246e-01
-3.216790676116943359e+00;-5.658128261566162109e-01
-5.017927646636962891e+00;-5.966275334358215332e-01
-5.930204391479492188e+00;-3.361789137125015259e-02
-3.432565212249755859e+00;-1.123588979244232178e-01
-3.320088386535644531e+00;-1.158250808715820312e+00
-4.280673027038574219e+00;2.125363945960998535e-01
-5.067288875579833984e+00;-2.319575786590576172e+00
-6.744375228881835938e+00;-3.200714588165283203e-01
-3.312954425811767578e+00;-9.203842282295227051e-01
-6.218558311462402344e+00;-4.904333055019378662e-01
-4.708834648132324219e+00;-1.540477395057678223e+00
-3.985953569412231445e+00;-4.283753037452697754e-01
-4.416801452636718750e+00;-4.779584407806396484e-01
-6.649160861968994141e+00;-6.873116493225097656e-01
-5.649973869323730469e+00;-1.958461046218872070e+00
-5.459338188171386719e+00;-1.274954378604888916e-01
-5.856339454650878906e+00;-2.453981161117553711e+00
-6.081487655639648438e+00;7.764273881912231445e-01
-3.492716789245605469e+00;-4.407283067703247070e-01
-6.650523185729980469e+00;-1.883967161178588867e+00
-5.436502933502197266e+00;-4.843118786811828613e-02
-5.961785793304443359e+00;-1.333487272262573242e+00
-5.185411930084228516e+00;2.294359505176544189e-01
-6.057062625885009766e+00;-1.248921871185302734e+00
-4.182637214660644531e+00;6.004333496093750000e-02
-6.136830329895019531e+00;-2.469918251037597656e+00
-5.675294399261474609e+00;-2.114454269409179688e+00
-3.050255298614501953e+00;-7.904855012893676758e-01
-6.884130001068115234e+00;-4.585348069667816162e-01
-4.182409286499023438e+00;2.902936637401580811e-01
-6.513782024383544922e+00;-1.398830890655517578e+00
-3.964054822921752930e+00;-1.157798409461975098e+00
-6.811654090881347656e+00;-1.327753663063049316e+00
-6.276145458221435547e+00;-1.216018795967102051e+00
-4.345722675323486328e+00;-1.540035247802734375e+00
-5.662638664245605469e+00;-8.323746919631958008e-02
-6.396718502044677734e+00;-2.623683214187622070e-01
-5.350672721862792969e+00;-1.546393871307373047e+00
-3.650402069091796875e+00;-2.091655731201171875e+00
-7.371257781982421875e+00;-1.492673039436340332e+00
-6.328707695007324219e+00;6.961274147033691406e-01
-5.177044868469238281e+00;9.915565848350524902e-01
-4.558207035064697266e+00;-1.662939548492431641e+00
-5.632644653320312500e+00;-1.009982109069824219e+00
-3.975221872329711914e+00;-2.027842998504638672e+00
-4.981451988220214844e+00;-1.623095989227294922e+00
-4.532249450683593750e+00;4.862756729125976562e-01
-5.196319103240966797e+00;-2.308845996856689453e+00
-4.270167827606201172e+00;-8.379470109939575195e-01
-5.676192760467529297e+00;5.624241828918457031e-01
-6.641409397125244141e+00;-1.275448560714721680e+00
-6.363306045532226562e+00;-1.186778545379638672e+00
-4.123915672302246094e+00;-1.394326686859130859e+00
-4.380156040191650391e+00;-1.858679056167602539e-01
-4.866808891296386719e+00;-5.941383838653564453e-01
-5.730216979980468750e+00;-7.283764481544494629e-01
-5.367026805877685547e+00;-7.831292152404785156e-01
-4.915058135986328125e+00;-9.450622797012329102e-01
-5.811350345611572266e+00;-1.358571887016296387e+00
-5.956152915954589844e+00;-1.131400585174560547e+00
-7.166994094848632812e+00;-6.632164120674133301e-01
-4.511633872985839844e+00;-1.675732135772705078e+00
-4.031244277954101562e+00;1.042062520980834961e+00
-4.048573970794677734e+00;-1.941664695739746094e+00
-5.255946159362792969e+00;6.329377740621566772e-02
-5.205774784088134766e+00;-1.248203039169311523e+00
-3.426692724227905273e+00;-1.230968475341796875e+00
-2.602943420410156250e+00;-2.543555796146392822e-01
-3.896378993988037109e+00;-2.372875452041625977e+00
-3.525867462158203125e+00;-3.148823976516723633e-01
-6.861037731170654297e+00;-9.202371835708618164e-01
-2.910150289535522461e+00;-1.085293769836425781e+00
-5.715080738067626953e+00;-1.306920528411865234e+00
-5.047954082489013672e+00;-1.017846465110778809e+00
-4.135087966918945312e+00;-1.401514530181884766e+00
-5.766618251800537109e+00;-8.846517205238342285e-01
-5.514822959899902344e+00;-8.271374702453613281e-01
-4.962917327880859375e+00;2.574685811996459961e-01
-4.493381023406982422e+00;-3.112845420837402344e-01
-5.397089958190917969e+00;-9.325762838125228882e-02
-5.534330368041992188e+00;-1.913286685943603516e+00
-5.729493618011474609e+00;-8.237584233283996582e-01
-6.083562850952148438e+00;-6.809664368629455566e-01
-6.583850860595703125e+00;-1.424978256225585938e+00
-6.057506084442138672e+00;-1.536331772804260254e+00
-4.022816181182861328e+00;-1.505895376205444336e+00
-5.943918228149414062e+00;-5.935410261154174805e-01
-6.855313301086425781e+00;7.105048894882202148e-01
-3.821068525314331055e+00;-9.802230596542358398e-01
-4.944545269012451172e+00;3.904264569282531738e-01
-4.103309631347656250e+00;-8.214031457901000977e-01
-5.296443462371826172e+00;-4.329854249954223633e-01
-4.753893375396728516e+00;-1.057576656341552734e+00
-6.096625328063964844e+00;-1.465102434158325195e+00
-5.387680530548095703e+00;-1.227652430534362793e+00
-4.076010704040527344e+00;-7.546081542968750000e-01
-4.662990093231201172e+00;-1.216567993164062500e+00
-3.856642723083496094e+00;-3.335016965866088867e-01
-4.645295619964599609e+00;-1.141833305358886719e+00
-5.975599288940429688e+00;-8.745967745780944824e-01
-6.436539173126220703e+00;-2.286764621734619141e+00
-5.414053440093994141e+00;-1.044864892959594727e+00
-4.029815673828125000e+00;-7.263858318328857422e-01
-5.465831756591796875e+00;-1.297404766082763672e+00
-5.390180110931396484e+00;-1.833068966865539551e+00
-4.814225196838378906e+00;-6.618528813123703003e-02
-2.521977186203002930e+00;-1.598692893981933594e+00
-4.177986145019531250e+00;-1.720552086830139160e+00
-4.977963447570800781e+00;-1.945807933807373047e+00
-4.072576999664306641e+00;-1.101569294929504395e+00
-5.205960273742675781e+00;-5.582527816295623779e-02
8.210721611976623535e-01;1.528753042221069336e-01
-5.116394042968750000e+00;-1.033451914787292480e+00
-5.043436527252197266e+00;-1.672727346420288086e+00
-5.168622016906738281e+00;-1.121345877647399902e+00
-5.623697280883789062e+00;2.268668115139007568e-01
-5.318151950836181641e+00;4.209756553173065186e-01
-5.538518428802490234e+00;-3.236623704433441162e-01
-4.516840934753417969e+00;5.438002347946166992e-01
-6.069959640502929688e+00;-4.322660565376281738e-01
-5.296043872833251953e+00;2.806060612201690674e-01
-2.834221124649047852e+00;-1.221643447875976562e+00
-6.386693477630615234e+00;-7.925847172737121582e-01
-4.585752010345458984e+00;-6.487551331520080566e-01
-6.117064952850341797e+00;-5.683873295783996582e-01
-6.684018611907958984e+00;-8.598130345344543457e-01
-4.286701679229736328e+00;-9.890756607055664062e-01
-5.306804180145263672e+00;-1.328729271888732910e+00
-6.009386062622070312e+00;-3.771217763423919678e-01
-4.854914665222167969e+00;-1.184062480926513672e+00
-5.308992385864257812e+00;5.680449306964874268e-03
-4.107570648193359375e+00;1.152652949094772339e-01
-5.771190166473388672e+00;2.100985944271087646e-01
-1.441573258489370346e-02;-1.450435519218444824e-01
-5.132173061370849609e+00;-1.604141712188720703e+00
-5.943799972534179688e+00;-1.956928253173828125e+00
-5.372988224029541016e+00;-9.400768876075744629e-01
-4.574675083160400391e+00;-2.765584290027618408e-01
-5.149810314178466797e+00;-4.422083497047424316e-01
-5.545604705810546875e+00;-8.888924866914749146e-02
-5.816948413848876953e+00;-1.138129234313964844e+00
-3.480692863464355469e+00;-8.291181325912475586e-01
-4.384873867034912109e+00;-9.743071198463439941e-01
-3.909168481826782227e+00;-5.560118556022644043e-01
-5.378134250640869141e+00;-1.600331544876098633e+00
-4.609265327453613281e+00;6.129190325736999512e-03
-5.644791126251220703e+00;-6.193229556083679199e-01
-4.710487842559814453e+00;-4.790472388267517090e-01
-4.840339660644531250e+00;-7.017422318458557129e-01
-5.711571216583251953e+00;3.134544193744659424e-01
-6.354201316833496094e+00;-5.759829282760620117e-02
-4.195983886718750000e+00;-9.442830085754394531e-01
-4.734255313873291016e+00;-1.214556336402893066e+00
-4.202776432037353516e+00;-1.261261701583862305e+00
-5.065828800201416016e+00;-1.683326005935668945e+00
-6.050658702850341797e+00;-8.518971204757690430e-01
-4.711115837097167969e+00;-6.241431236267089844e-01
-5.332665920257568359e+00;-2.411313056945800781e+00
-5.801041126251220703e+00;-1.401411592960357666e-01
-5.006257057189941406e+00;-1.734671592712402344e+00
-7.445825576782226562e+00;-1.801445722579956055e+00
-4.537417888641357422e+00;-6.123731136322021484e-01
-5.259243488311767578e+00;-2.255824804306030273e+00
-5.020336151123046875e+00;-1.279407858848571777e+00
-4.308408737182617188e+00;-1.508634567260742188e+00
-5.376598358154296875e+00;-2.690436840057373047e-01
-4.022155761718750000e+00;-4.157823324203491211e-01
-4.828684806823730469e+00;-1.703245282173156738e+00
-5.359038829803466797e+00;-1.548760414123535156e+00
-5.850286006927490234e+00;-2.079917907714843750e+00
-4.542987346649169922e+00;-1.185448884963989258e+00
-3.763972043991088867e+00;-2.357994556427001953e+00
-5.604060173034667969e+00;-4.516077637672424316e-01
-6.429385662078857422e+00;-8.029316067695617676e-01
-6.354287624359130859e+00;-9.324067831039428711e-01
-5.099099159240722656e+00;1.045102104544639587e-01
-6.508154869079589844e+00;-1.979583382606506348e+00
-5.738034248352050781e+00;-7.133729010820388794e-02
-3.766529560089111328e+00;-2.545010298490524292e-03
-5.112780570983886719e+00;-6.307488679885864258e-02
-6.343258380889892578e+00;-2.756832540035247803e-02
-4.720436573028564453e+00;-5.125630646944046021e-02
-5.872144222259521484e+00;-5.122931003570556641e-01
-4.431051731109619141e+00;-2.454385757446289062e+00
-5.902638435363769531e+00;-3.952251076698303223e-01
-6.751595497131347656e+00;-8.311166167259216309e-01
-5.018596649169921875e+00;-2.116875350475311279e-02
-5.106335639953613281e+00;-2.092264741659164429e-01
-5.574091434478759766e+00;3.888830840587615967e-01
-5.771126747131347656e+00;3.121002614498138428e-01
-6.154212474822998047e+00;-1.647149324417114258e+00
-4.852344036102294922e+00;-7.879846096038818359e-01
-5.051216602325439453e+00;-9.956313967704772949e-01
-4.723882675170898438e+00;-9.228781461715698242e-01
-4.988781929016113281e+00;-1.748393774032592773e+00
-4.241308689117431641e+00;-8.519757986068725586e-01
-3.899964094161987305e+00;-1.570957183837890625e+00
-5.718220710754394531e+00;-2.236498832702636719e+00
-6.435275077819824219e+00;-1.116092920303344727e+00
-5.274604320526123047e+00;-1.318846464157104492e+00
-4.783009529113769531e+00;4.657484292984008789e-01
-5.365673065185546875e+00;-2.364896982908248901e-02
-4.896994590759277344e+00;-4.272775352001190186e-01
-5.492230892181396484e+00;-2.003259062767028809e-01
-5.377293586730957031e+00;-1.688605308532714844e+00
-3.904024362564086914e+00;-4.803377389907836914e-01
-4.518575191497802734e+00;-7.782305479049682617e-01
-4.380362033843994141e+00;-1.400096178054809570e+00
-7.241715908050537109e+00;2.906248271465301514e-01
-4.307408809661865234e+00;-2.363212704658508301e-01
-5.395006656646728516e+00;-8.661873340606689453e-01
-5.409646511077880859e+00;-8.310430049896240234e-01
-5.493981838226318359e+00;-1.572208642959594727e+00
-5.423949718475341797e+00;6.054499745368957520e-02
-5.148330688476562500e+00;-1.531836867332458496e+00
-5.209087371826171875e+00;5.771853327751159668e-01
-3.546157598495483398e+00;9.556785225868225098e-02
-3.598660707473754883e+00;-9.443707466125488281e-01
-6.052609920501708984e+00;-3.959348201751708984e-01
-2.103528738021850586e+00;-3.492243587970733643e-01
-4.842544078826904297e+00;-1.010144948959350586e+00
-6.482056617736816406e+00;-1.481790304183959961e+00
-5.110266685485839844e+00;-1.345763921737670898e+00
-5.886000156402587891e+00;-9.951581358909606934e-01
-4.572119712829589844e+00;-1.489952802658081055e-01
-3.777325391769409180e+00;-7.807558178901672363e-01
-5.889956951141357422e+00;-2.290186434984207153e-01
-3.973977565765380859e+00;-4.236797094345092773e-01
-5.923553943634033203e+00;2.774406075477600098e-01
-4.274781703948974609e+00;-9.266936779022216797e-01
-8.209090232849121094e+00;-6.878095269203186035e-01
-5.330354690551757812e+00;-3.245186507701873779e-01
-3.691819667816162109e+00;1.345650792121887207e+00
-5.257441520690917969e+00;-1.694870471954345703e+00
-6.085729122161865234e+00;-1.888233184814453125e+00
-4.375486850738525391e+00;-5.836157202720642090e-01
-5.698951721191406250e+00;5.684851855039596558e-02
-4.501000881195068359e+00;-1.436392664909362793e+00
-3.562309265136718750e+00;-1.699330568313598633e+00
-4.834500312805175781e+00;-1.656965494155883789e+00
-1.447703123092651367e+00;-3.522217273712158203e-01
-4.166254997253417969e+00;-3.286914229393005371e-01
-7.196850776672363281e+00;-9.821082949638366699e-01
-4.993289947509765625e+00;-2.208349227905273438e+00
-3.958406448364257812e+00;-6.360152363777160645e-02
-6.128560066223144531e+00;-1.189089536666870117e+00
-5.577466011047363281e+00;2.638488709926605225e-01
-5.349676609039306641e+00;-1.964216113090515137e+00
-3.825597524642944336e+00;-8.877633810043334961e-01
-6.007490158081054688e+00;-1.940578460693359375e+00
-5.653756618499755859e+00;3.583282977342605591e-02
-5.348359107971191406e+00;-7.544976472854614258e-01
-5.532635211944580078e+00;-5.181889981031417847e-02
-6.707237720489501953e+00;-7.857502698898315430e-01
-4.387321949005126953e+00;-1.396214723587036133e+00
-6.708767890930175781e+00;-9.182632565498352051e-01
-6.612190723419189453e+00;-7.030712962150573730e-01
-5.361927986145019531e+00;-1.206319928169250488e+00
-3.497080564498901367e+00;-8.305462598800659180e-01
-5.833827972412109375e+00;-8.854262828826904297e-01
-2.801565647125244141e+00;-1.907386898994445801e+00
-7.076209068298339844e+00;-2.762223184108734131e-01
-5.388918399810791016e+00;6.964941620826721191e-01
-4.574983596801757812e+00;-1.672238349914550781e+00
-7.077385902404785156e+00;-1.599056243896484375e+00
-4.806594371795654297e+00;-4.874029755592346191e-01
-4.499553680419921875e+00;-4.026599526405334473e-01
-4.956624031066894531e+00;-8.617490530014038086e-01
-5.688867568969726562e+00;-5.177717208862304688e-01
-4.640299797058105469e+00;1.178559422492980957e+00
-6.783061027526855469e+00;-1.750563144683837891e+00
-5.499104976654052734e+00;-1.080913901329040527e+00
-6.090745449066162109e+00;3.437824845314025879e-01
-5.402133464813232422e+00;-7.888306975364685059e-01
-6.748348236083984375e+00;-5.210962295532226562e-01
-4.304818630218505859e+00;-1.017182826995849609e+00
-6.900864601135253906e+00;-2.202449142932891846e-01
-6.256294250488281250e+00;-2.220962285995483398e+00
-5.408108711242675781e+00;-1.033041954040527344e+00
-4.642771244049072266e+00;-1.275612235069274902e+00
-5.041665077209472656e+00;5.722689628601074219e-01
-5.898905754089355469e+00;-9.339737892150878906e-01
-6.434858798980712891e+00;-7.583659291267395020e-01
-5.157741546630859375e+00;-2.354890584945678711e+00
-5.087215423583984375e+00;-1.155278563499450684e+00
-5.558100223541259766e+00;-8.659254312515258789e-01
-5.282569885253906250e+00;-1.477503180503845215e+00
-5.491621017456054688e+00;-1.321023464202880859e+00
-3.935830354690551758e+00;-4.136352837085723877e-01
-6.282788276672363281e+00;5.602064728736877441e-01
-5.260633945465087891e+00;7.746932655572891235e-02
-5.014860153198242188e+00;-1.029551267623901367e+00
-4.795819759368896484e+00;-2.595617175102233887e-01
-3.836783647537231445e+00;-1.153125762939453125e+00
-5.119390010833740234e+00;-9.346618652343750000e-01
-4.926316261291503906e+00;-2.095876932144165039e+00
-6.471331119537353516e+00;-9.516357779502868652e-01
-5.510383605957031250e+00;-1.794032335281372070e+00
-5.474695205688476562e+00;5.432537198066711426e-01
-5.134845733642578125e+00;-4.038383066654205322e-01
-5.375186920166015625e+00;-3.360585123300552368e-02
-6.395712375640869141e+00;1.828477680683135986e-01
-5.170828819274902344e+00;-1.570779800415039062e+00
-4.646076202392578125e+00;-3.521454930305480957e-01
-5.937723636627197266e+00;1.490333378314971924e-01
-4.587173461914062500e+00;-8.682495951652526855e-01
-5.119594573974609375e+00;-1.787201404571533203e+00
-5.584083557128906250e+00;1.061826467514038086e+00
-2.154054641723632812e+00;-5.379518270492553711e-01
-5.189126968383789062e+00;-3.394142985343933105e-01
-3.493079185485839844e+00;-9.219882488250732422e-01
-4.278761863708496094e+00;-1.027933597564697266e+00
-4.470453262329101562e+00;-1.797710955142974854e-01
-4.346928119659423828e+00;-9.836040437221527100e-02
-5.060035705566406250e+00;-2.047253131866455078e+00
-5.750689029693603516e+00;-5.350427031517028809e-01
-5.394133567810058594e+00;-1.679621100425720215e+00
-5.428627014160156250e+00;-2.443424612283706665e-01
-5.511989593505859375e+00;-1.998112916946411133e+00
-7.288093090057373047e+00;-4.999783039093017578e-01
-3.465983390808105469e+00;-7.443960309028625488e-01
-4.743089675903320312e+00;-7.375508546829223633e-01
-4.567866325378417969e+00;-8.840987682342529297e-01
-6.304904460906982422e+00;-2.177975475788116455e-01
-2.835791826248168945e+00;-9.712587594985961914e-01
-6.237004280090332031e+00;-5.821745395660400391e-01
-5.105550765991210938e+00;-1.467639684677124023e+00
-5.601408958435058594e+00;-1.652261734008789062e+00
-2.909250974655151367e+00;-9.801728725433349609e-01
-6.130977153778076172e+00;2.251613736152648926e-01
-5.011323451995849609e+00;-5.863487124443054199e-01
-6.435439109802246094e+00;-1.477761745452880859e+00
-4.889304637908935547e+00;2.182792127132415771e-01
-5.584498405456542969e+00;3.762454986572265625e-01
-5.070834159851074219e+00;-8.495556712150573730e-01
-3.465082645416259766e+00;-5.710624456405639648e-01
-6.420846462249755859e+00;-8.962929248809814453e-01
-2.324630737304687500e+00;-7.090932130813598633e-01
-4.327886581420898438e+00;-7.019683122634887695e-01
-5.278563499450683594e+00;-1.589150190353393555e+00
-4.833333015441894531e+00;2.372208237648010254e-01
-3.573852539062500000e+00;-5.934747457504272461e-01
-4.589511394500732422e+00;-1.843060970306396484e+00
-6.910069465637207031e+00;-6.384862661361694336e-01
-6.334006786346435547e+00;-4.193491041660308838e-01
-5.974637985229492188e+00;5.294814705848693848e-01
-5.408343315124511719e+00;-6.895877122879028320e-01
-4.198254585266113281e+00;-3.953430056571960449e-01
-5.601673126220703125e+00;-1.801946520805358887e+00
-3.734418153762817383e+00;-1.332850217819213867e+00
-4.693522930145263672e+00;-8.958004117012023926e-01
-4.422817230224609375e+00;-5.383414030075073242e-01
-3.966488361358642578e+00;-1.236334562301635742e+00
-3.683957576751708984e+00;-4.310561716556549072e-01
-5.718584060668945312e+00;-3.123917877674102783e-01
-5.602832794189453125e+00;-5.956660509109497070e-01
-5.510994911193847656e+00;-1.172084689140319824e+00
-4.496828556060791016e+00;-1.123627066612243652e+00
-6.585974693298339844e+00;-9.583800435066223145e-01
-4.005335807800292969e+00;-8.804045617580413818e-03
-5.919501304626464844e+00;-1.324780344963073730e+00
-4.682826042175292969e+00;-7.865738868713378906e-01
-3.993225097656250000e+00;-1.615148663520812988e+00
-4.512288570404052734e+00;-1.877781391143798828e+00
-4.743911266326904297e+00;-1.222210764884948730e+00
-5.084919452667236328e+00;-6.916563957929611206e-02
-4.037986755371093750e+00;-9.322602748870849609e-01
-3.701519250869750977e+00;-1.023031234741210938e+00
-4.097257614135742188e+00;5.083537101745605469e-02
-3.760278701782226562e+00;-4.199532270431518555e-01
-6.324707984924316406e+00;-1.508302450180053711e+00
-5.245315551757812500e+00;-2.147007465362548828e+00
-5.582616329193115234e+00;-3.080364763736724854e-01
-5.635650634765625000e+00;-2.014292716979980469e+00
-5.945075511932373047e+00;-2.458563327789306641e+00
-4.348275184631347656e+00;-5.634015798568725586e-01
-4.350984096527099609e+00;-3.441091775894165039e-01
-5.218576431274414062e+00;4.455935359001159668e-01
-4.078592777252197266e+00;-8.528321981430053711e-01
-5.939551353454589844e+00;-2.033183097839355469e+00
-5.583285331726074219e+00;-7.977136969566345215e-02
-5.321776866912841797e+00;-5.531538128852844238e-01
-5.388152122497558594e+00;-7.035937905311584473e-01
-4.961228370666503906e+00;4.243217706680297852e-01
-4.517739772796630859e+00;-1.121219038963317871e+00
-5.360856056213378906e+00;-2.130550146102905273e+00
-7.664861679077148438e+00;-1.061346054077148438e+00
-6.662810802459716797e+00;-3.765240013599395752e-01
-3.507656097412109375e+00;-7.874325662851333618e-02
-5.345662593841552734e+00;-2.065913528203964233e-01
-4.273312091827392578e+00;6.817638874053955078e-01
-5.143066406250000000e+00;-2.435034066438674927e-01
-4.735917091369628906e+00;-2.499821484088897705e-01
-6.841088294982910156e+00;-9.366096258163452148e-01
-5.384622573852539062e+00;-4.291103780269622803e-02
-5.933423995971679688e+00;-1.435485839843750000e+00
-3.223547220230102539e+00;-1.334239006042480469e+00
-4.998813152313232422e+00;-1.132322698831558228e-01
-5.144798278808593750e+00;-9.214962720870971680e-01
-5.080520153045654297e+00;-8.467375040054321289e-01
-4.631331443786621094e+00;-4.859714806079864502e-01
-5.281779766082763672e+00;8.936043977737426758e-01
-4.687417030334472656e+00;-2.719534039497375488e-01
-5.372107505798339844e+00;1.163413301110267639e-01
-5.723762512207031250e+00;1.319199800491333008e-01
-5.327738761901855469e+00;-1.108922839164733887e+00
-3.825291872024536133e+00;-5.741615965962409973e-02
-5.225588798522949219e+00;-1.960045695304870605e-01
-6.669095993041992188e+00;6.724934279918670654e-02
-3.716412067413330078e+00;-1.273167490959167480e+00
-6.863801956176757812e+00;-1.098111867904663086e-01
-4.706060886383056641e+00;-1.280492305755615234e+00
-6.865252017974853516e+00;5.159575939178466797e-01
-5.168021202087402344e+00;6.496140956878662109e-01
-6.741661548614501953e+00;-2.056102752685546875e-01
-6.197042942047119141e+00;-5.713804960250854492e-01
-6.899005413055419922e+00;-2.234528958797454834e-01
-5.865017890930175781e+00;-2.097087949514389038e-01
-4.578512668609619141e+00;3.935187160968780518e-01
-6.675265312194824219e+00;-3.141254484653472900e-01
-4.549281597137451172e+00;-9.201668500900268555e-01
-4.565126895904541016e+00;-1.737837076187133789e+00
-6.525364398956298828e+00;-7.594889402389526367e-01
-6.049005985260009766e+00;-7.622907757759094238e-01
-5.160241603851318359e+00;-2.463578939437866211e+00
-4.950981140136718750e+00;-1.091480135917663574e+00
-5.607427597045898438e+00;-8.371270298957824707e-01
-6.232411384582519531e+00;-1.168368533253669739e-01
-4.452956199645996094e+00;-9.360511302947998047e-01
-4.015340328216552734e+00;-1.371116161346435547e+00
-3.906987428665161133e+00;-1.257863759994506836e+00
-7.092217922210693359e+00;-8.322076797485351562e-01
-6.046545982360839844e+00;-1.599845170974731445e+00
-3.305661678314208984e+00;-1.885907173156738281e+00
-5.851474285125732422e+00;-1.151849985122680664e+00
-7.574193954467773438e+00;-1.539672613143920898e+00
-5.759227275848388672e+00;-1.925339221954345703e+00
-4.543963432312011719e+00;-5.657350420951843262e-01
-4.883059978485107422e+00;-2.763651013374328613e-01
-5.236435890197753906e+00;-1.852745294570922852e+00
-5.045041084289550781e+00;4.122821986675262451e-01
-3.278464317321777344e+00;2.576116621494293213e-01
-6.302642822265625000e+00;-1.841101169586181641e+00
-5.076984882354736328e+00;-1.408128499984741211e+00
-5.011148929595947266e+00;-1.893855452537536621e+00
-4.835307121276855469e+00;-1.642990827560424805e+00
-4.068844795227050781e+00;-1.164973378181457520e+00
-6.118758678436279297e+00;5.234085023403167725e-02
-4.748052597045898438e+00;-2.434255778789520264e-01
-5.958475112915039062e+00;-1.518647670745849609e-01
-4.360637664794921875e+00;-2.484961748123168945e-01
-6.213175296783447266e+00;5.656182765960693359e-01
-5.627123832702636719e+00;2.062741369009017944e-01
-7.005814075469970703e+00;-3.658116757869720459e-01
-7.189589977264404297e+00;-5.593951344490051270e-01
-4.060890197753906250e+00;-4.607110023498535156e-01
-4.737724304199218750e+00;3.716401755809783936e-02
-4.859385967254638672e+00;1.626803874969482422e-01
-3.992625236511230469e+00;-1.263284087181091309e+00
-3.845040321350097656e+00;-6.303253173828125000e-01
-3.752417087554931641e+00;-1.797581076622009277e+00
-4.438203334808349609e+00;-7.370908260345458984e-01
-5.376708984375000000e+00;-8.027901649475097656e-01
-4.314756393432617188e+00;-6.857347488403320312e-02
-5.552605628967285156e+00;-5.182444304227828979e-02
-6.233824729919433594e+00;-5.293169617652893066e-01
-5.494951248168945312e+00;-1.686863899230957031e+00
-6.438902378082275391e+00;-7.053022980690002441e-01
-5.863420009613037109e+00;-1.120958447456359863e+00
-6.500724315643310547e+00;7.068793773651123047e-01
-5.271597385406494141e+00;-4.800431728363037109e-01
-5.205733299255371094e+00;-1.529917716979980469e+00
-5.494121551513671875e+00;2.172386348247528076e-01
-4.886931419372558594e+00;-1.852678775787353516e+00
-6.658470630645751953e+00;-1.203306555747985840e+00
-4.397356986999511719e+00;-7.950268387794494629e-01
-3.801772594451904297e+00;-3.635759055614471436e-01
-4.891747474670410156e+00;-9.710515737533569336e-01
-4.594887256622314453e+00;-1.605001926422119141e+00
-4.070612907409667969e+00;-1.460822463035583496e+00
