-3.632444381713867188e+00;-7.142069339752197266e-01
-3.288949728012084961e+00;-1.115198254585266113e+00
-5.323482513427734375e+00;-7.085452079772949219e-01
-4.789802074432373047e+00;1.340357512235641479e-01
-4.971563339233398438e+00;-2.499488830566406250e+00
-4.364161968231201172e+00;6.615637540817260742e-01
-4.465657711029052734e+00;-9.397263526916503906e-01
-4.920709133148193359e+00;6.882563829421997070e-01
-3.665813684463500977e+00;-1.286600589752197266e+00
-5.986504554748535156e+00;-1.702537536621093750e+00
-5.802240371704101562e+00;2.332564145326614380e-01
-3.322587013244628906e+00;-1.699559807777404785e+00
-5.566844463348388672e+00;2.134983539581298828e-01
-4.898565292358398438e+00;-1.637185573577880859e+00
-5.558312892913818359e+00;6.390172839164733887e-01
-5.514364242553710938e+00;-1.438150167465209961e+00
-6.350821971893310547e+00;-9.287554025650024414e-02
-5.314410209655761719e+00;-1.581642985343933105e+00
-5.693762779235839844e+00;-5.505025386810302734e-01
-6.384884357452392578e+00;-1.906293869018554688e+00
-3.795113325119018555e+00;-2.008677482604980469e+00
-4.237894058227539062e+00;-1.785494089126586914e+00
-4.858685493469238281e+00;-1.594092011451721191e+00
-5.804393768310546875e+00;-8.224408328533172607e-02
-3.742082595825195312e+00;-4.972369670867919922e-01
-6.608452320098876953e+00;-9.790216088294982910e-01
-4.786904335021972656e+00;-1.185878872871398926e+00
-5.319047927856445312e+00;5.764959454536437988e-01
-4.033899307250976562e+00;2.739960551261901855e-01
-4.480710506439208984e+00;-1.509794235229492188e+00
-5.438696861267089844e+00;-7.200251817703247070e-01
-5.384322643280029297e+00;-1.913420557975769043e-01
-4.322852611541748047e+00;-1.680124402046203613e+00
-3.925199985504150391e+00;-5.653238892555236816e-01
-4.025945186614990234e+00;-5.372397303581237793e-01
-5.626014232635498047e+00;2.617590427398681641e-01
-2.863368988037109375e+00;-2.822919845581054688e+00
-6.548252582550048828e+00;-1.133437156677246094e+00
-3.433740615844726562e+00;3.406004309654235840e-01
-6.301708221435546875e+00;-3.582403659820556641e-01
-3.402545690536499023e+00;1.070453748106956482e-01
-4.318057537078857422e+00;-1.040216445922851562e+00
-5.460981369018554688e+00;-3.061302006244659424e-01
-6.038182258605957031e+00;-5.701131224632263184e-01
-4.560796260833740234e+00;4.389702677726745605e-01
-4.023509025573730469e+00;5.315682888031005859e-01
-6.569201946258544922e+00;-9.406392574310302734e-01
-6.912161827087402344e+00;-1.129604816436767578e+00
-3.138829708099365234e+00;-2.392590761184692383e+00
-4.677023887634277344e+00;-1.814508318901062012e+00
-5.476218223571777344e+00;-6.453093290328979492e-01
-5.001667499542236328e+00;-1.276242136955261230e+00
-5.457878112792968750e+00;-8.222032785415649414e-01
-4.047340393066406250e+00;-1.371091127395629883e+00
-5.671456813812255859e+00;-1.621467828750610352e+00
-5.554248809814453125e+00;-4.120348393917083740e-01
-2.970728874206542969e+00;-3.002879619598388672e-01
-5.562724113464355469e+00;1.107881516218185425e-01
-3.789209365844726562e+00;-1.508741378784179688e+00
-4.879924297332763672e+00;7.583268880844116211e-01
-3.418242216110229492e+00;-1.511768102645874023e+00
-5.659655094146728516e+00;-1.407087326049804688e+00
-5.799228668212890625e+00;2.603345178067684174e-02
-3.542494773864746094e+00;-1.066766023635864258e+00
-5.897778034210205078e+00;-4.989630579948425293e-01
-4.577730655670166016e+00;-8.829559683799743652e-01
-3.686948776245117188e+00;-4.542548656463623047e-01
-5.375720977783203125e+00;-7.348377108573913574e-01
-4.908825397491455078e+00;-1.730111956596374512e+00
-5.146278858184814453e+00;-2.894997596740722656e-01
-4.423836708068847656e+00;-1.428857803344726562e+00
-4.342912197113037109e+00;1.313775181770324707e+00
-4.867443561553955078e+00;-8.349185585975646973e-01
-3.704445362091064453e+00;-2.149538040161132812e+00
-6.130512714385986328e+00;-1.631801724433898926e-01
-5.316174507141113281e+00;-4.135587215423583984e-01
-4.379637718200683594e+00;-1.025950193405151367e+00
-6.019480705261230469e+00;-2.165724515914916992e+00
-6.217913627624511719e+00;-2.479642629623413086e+00
-6.860232353210449219e+00;3.895900398492813110e-02
-4.989757537841796875e+00;-1.370928287506103516e+00
-2.854104280471801758e+00;-1.071350723505020142e-01
-4.540031433105468750e+00;-1.557635426521301270e+00
-6.278191566467285156e+00;3.068367540836334229e-01
-4.282974720001220703e+00;-9.696224927902221680e-01
-7.285061359405517578e+00;-2.017521142959594727e+00
-3.990772247314453125e+00;-8.995392918586730957e-01
-5.374231338500976562e+00;-1.184468984603881836e+00
-4.100881099700927734e+00;-1.156204223632812500e+00
-4.147398948669433594e+00;1.643497198820114136e-01
-5.119620800018310547e+00;-7.534572482109069824e-01
-4.778182983398437500e+00;1.800321787595748901e-02
-3.442694664001464844e+00;-3.774735331535339355e-01
-5.707905292510986328e+00;-1.048856496810913086e+00
-4.996610641479492188e+00;3.242746293544769287e-01
-4.851811885833740234e+00;-1.350221157073974609e+00
-4.416536808013916016e+00;1.885963678359985352e-01
-4.907042503356933594e+00;2.003613263368606567e-01
-5.827789783477783203e+00;-2.020904064178466797e+00
-4.595427513122558594e+00;-1.652526140213012695e+00
-5.361800193786621094e+00;-1.388077735900878906e-01
-3.979584217071533203e+00;-7.656048536300659180e-01
-6.360524177551269531e+00;1.357235908508300781e-01
-3.049090385437011719e+00;-4.665127396583557129e-01
-5.630319118499755859e+00;-1.366360306739807129e+00
-5.111114978790283203e+00;4.791972339153289795e-01
-4.852751731872558594e+00;-8.535897731781005859e-01
-4.949408054351806641e+00;-1.275609254837036133e+00
-3.977100372314453125e+00;6.844632029533386230e-01
-4.333003997802734375e+00;-8.693623542785644531e-01
-5.243790626525878906e+00;-1.990839004516601562e+00
-5.559753894805908203e+00;-4.623676538467407227e-01
-4.237909317016601562e+00;-2.138100385665893555e+00
-4.758605003356933594e+00;-1.403216481208801270e+00
-6.427250385284423828e+00;-9.166725873947143555e-01
-5.073070526123046875e+00;-2.412569761276245117e+00
-5.686257362365722656e+00;-1.163481235504150391e+00
-5.666609287261962891e+00;-6.644335985183715820e-01
-5.117533206939697266e+00;1.100695252418518066e+00
-5.564818859100341797e+00;3.413789868354797363e-01
-5.025747299194335938e+00;-1.863803744316101074e+00
-5.670458793640136719e+00;6.652338504791259766e-01
-3.909374952316284180e+00;-3.456677496433258057e-02
-4.208652973175048828e+00;-1.540597155690193176e-02
-4.760931968688964844e+00;-7.633787989616394043e-01
-3.565197229385375977e+00;-4.627507030963897705e-01
-4.952520370483398438e+00;-1.777460932731628418e+00
-3.619573116302490234e+00;-8.432012200355529785e-01
-4.442660331726074219e+00;-1.745128154754638672e+00
-7.474681377410888672e+00;-1.507636547088623047e+00
-3.638492345809936523e+00;-1.625277161598205566e+00
-4.490511894226074219e+00;-1.621818184852600098e+00
-5.309217453002929688e+00;-2.027478069067001343e-01
-4.776072025299072266e+00;-1.943512856960296631e-01
-3.691839933395385742e+00;-1.795463323593139648e+00
-4.496285915374755859e+00;-1.542473316192626953e+00
-4.498230934143066406e+00;-1.181989431381225586e+00
-4.591446876525878906e+00;-2.378251791000366211e+00
-4.484382629394531250e+00;-2.864136099815368652e-01
-7.037893295288085938e+00;4.939586520195007324e-01
-5.783648490905761719e+00;-1.608014702796936035e-01
-6.020049571990966797e+00;-1.648731231689453125e+00
-5.087547302246093750e+00;-2.284035980701446533e-01
-4.911355018615722656e+00;-3.050570189952850342e-01
-3.382089138031005859e+00;2.122172415256500244e-01
-4.006546974182128906e+00;-2.208332717418670654e-01
-4.925978660583496094e+00;-1.546640992164611816e+00
-4.914076328277587891e+00;-3.293857872486114502e-01
-6.174793243408203125e+00;-1.395190000534057617e+00
-6.394353866577148438e+00;-9.879340231418609619e-02
-5.968030452728271484e+00;5.403714776039123535e-01
-3.760172843933105469e+00;-2.846160903573036194e-02
-4.207686901092529297e+00;1.915886625647544861e-02
-4.561820030212402344e+00;-1.860303521156311035e+00
-4.565269947052001953e+00;8.645189926028251648e-03
-5.688894271850585938e+00;-1.489635586738586426e+00
-3.856955528259277344e+00;-1.915444731712341309e+00
-4.831893920898437500e+00;-1.652225375175476074e+00
-4.309390068054199219e+00;-2.294688224792480469e+00
-5.758132934570312500e+00;-1.494504451751708984e+00
-7.227558612823486328e+00;-8.683209866285324097e-02
-5.077344417572021484e+00;-2.551694869995117188e+00
-5.642809391021728516e+00;-1.502478241920471191e+00
-4.278503417968750000e+00;1.100751161575317383e-01
-6.010071754455566406e+00;-1.873954534530639648e+00
-5.393138408660888672e+00;-9.459364414215087891e-01
-3.178257942199707031e+00;-3.530054688453674316e-01
-4.666513442993164062e+00;-1.113569378852844238e+00
-5.375011920928955078e+00;-1.440513134002685547e+00
-5.918312072753906250e+00;-1.811710834503173828e+00
-6.256502628326416016e+00;-2.127696514129638672e+00
-3.490258216857910156e+00;4.309474825859069824e-01
-5.442337989807128906e+00;-6.711577773094177246e-01
-4.030303955078125000e+00;4.910192191600799561e-01
-5.186289787292480469e+00;-1.146444320678710938e+00
-4.523404598236083984e+00;3.180946707725524902e-01
-7.236631393432617188e+00;-1.755799055099487305e+00
-5.235411643981933594e+00;-2.033942699432373047e+00
-4.941571235656738281e+00;-3.050085544586181641e+00
-2.803369045257568359e+00;-1.105974763631820679e-01
-5.795753955841064453e+00;-4.403175711631774902e-01
-6.733906269073486328e+00;-1.609996199607849121e+00
-4.232475280761718750e+00;6.162245273590087891e-01
-5.475632190704345703e+00;-1.227023005485534668e+00
-5.977636337280273438e+00;-6.141407489776611328e-01
-4.444892883300781250e+00;1.696197688579559326e-01
-4.616596221923828125e+00;5.970626473426818848e-01
-5.576412677764892578e+00;-3.081674575805664062e-01
-4.446925640106201172e+00;-1.279390454292297363e+00
-3.988702774047851562e+00;-1.742396950721740723e+00
-6.316974639892578125e+00;3.364782333374023438e-01
-4.906310081481933594e+00;-7.476004958152770996e-02
-5.062569141387939453e+00;-1.286314845085144043e+00
-6.108530998229980469e+00;-7.263984680175781250e-01
-4.789284706115722656e+00;-2.195532798767089844e+00
-4.761041164398193359e+00;-7.284151017665863037e-02
-4.533088207244873047e+00;-4.664936661720275879e-01
-4.880523681640625000e+00;5.344983935356140137e-01
-5.382301807403564453e+00;-9.512249231338500977e-01
-4.514084815979003906e+00;1.445401757955551147e-01
-6.201872825622558594e+00;-5.500103235244750977e-01
-4.442967891693115234e+00;-1.447505354881286621e+00
-3.575786352157592773e+00;-2.028150796890258789e+00
-5.349302768707275391e+00;-2.549978256225585938e+00
-5.141995906829833984e+00;-1.763973474502563477e+00
-4.817470550537109375e+00;-1.328722596168518066e+00
-5.879014968872070312e+00;-2.252266645431518555e+00
-5.049354076385498047e+00;-1.527239561080932617e+00
-5.259847164154052734e+00;-1.515006899833679199e+00
-5.450767517089843750e+00;-1.563374996185302734e+00
-4.366243362426757812e+00;4.663907736539840698e-02
-6.683968544006347656e+00;-1.746593475341796875e+00
-4.623207092285156250e+00;-1.058180809020996094e+00
-5.510880947113037109e+00;-8.578995242714881897e-03
-6.282230854034423828e+00;-1.674426436424255371e+00
-5.050065040588378906e+00;-2.446438372135162354e-02
-1.682812213897705078e+00;-7.595635950565338135e-02
-6.992411136627197266e+00;-5.043215155601501465e-01
-5.335391044616699219e+00;-1.176938772201538086e+00
-5.200470447540283203e+00;-1.365452408790588379e+00
-5.704893589019775391e+00;-9.090926051139831543e-01
-6.236533164978027344e+00;-1.055737733840942383e+00
-4.912740707397460938e+00;-4.809043705463409424e-01
-4.518137931823730469e+00;-6.015267372131347656e-01
-5.133872509002685547e+00;4.180808737874031067e-02
-4.171596050262451172e+00;-9.301953315734863281e-01
-5.124880313873291016e+00;-1.916229873895645142e-01
-4.413527488708496094e+00;5.784450471401214600e-02
-5.269215106964111328e+00;-2.229855537414550781e+00
-5.493474483489990234e+00;-5.253987908363342285e-01
-5.410466670989990234e+00;-5.291883349418640137e-01
-4.816252231597900391e+00;-1.612925171852111816e+00
-6.386713027954101562e+00;-1.087017536163330078e+00
-4.425725460052490234e+00;-3.347921743988990784e-02
-3.279783964157104492e+00;-5.515406727790832520e-01
-4.434757709503173828e+00;-1.568893790245056152e+00
-3.779356718063354492e+00;-1.626959592103958130e-01
-5.127170562744140625e+00;-1.699266552925109863e+00
-4.792370796203613281e+00;-1.048075631260871887e-01
-5.601817607879638672e+00;-9.593337178230285645e-01
-1.948249578475952148e+00;-2.456689774990081787e-01
-5.817378520965576172e+00;-2.074454545974731445e+00
-4.886892795562744141e+00;-8.018297553062438965e-01
-3.517930746078491211e+00;-5.096014738082885742e-01
-5.696223735809326172e+00;-1.309476137161254883e+00
-4.824044704437255859e+00;-3.981384634971618652e-01
-6.422359943389892578e+00;2.208981364965438843e-01
-6.013800144195556641e+00;-1.155015707015991211e+00
-6.244896411895751953e+00;-8.278414607048034668e-01
-5.091365337371826172e+00;1.589969396591186523e+00
-4.440850257873535156e+00;-1.985616087913513184e+00
-4.687807559967041016e+00;-1.140803813934326172e+00
-5.635527610778808594e+00;-3.441133201122283936e-01
-5.067848205566406250e+00;-4.145841002464294434e-01
-5.212705612182617188e+00;-1.731358528137207031e+00
-5.376102447509765625e+00;-1.630839347839355469e+00
-4.555795669555664062e+00;-4.924369454383850098e-01
-5.331217288970947266e+00;-3.245410919189453125e-01
-5.162709236145019531e+00;-1.603222727775573730e+00
-4.623499870300292969e+00;-1.718860507011413574e+00
-3.708944797515869141e+00;-1.034771442413330078e+00
-5.461492538452148438e+00;6.672902107238769531e-01
-5.866733074188232422e+00;-2.100380420684814453e+00
-4.253149509429931641e+00;-5.038129091262817383e-01
-5.502857208251953125e+00;-9.681940078735351562e-01
-4.621315956115722656e+00;-9.777687788009643555e-01
-4.127394199371337891e+00;-2.650109827518463135e-01
-4.261921882629394531e+00;-8.019904494285583496e-01
-5.469258785247802734e+00;-2.169754654169082642e-01
-5.021002292633056641e+00;-2.914809942245483398e+00
-5.128556251525878906e+00;-9.836087226867675781e-01
-6.352382659912109375e+00;-5.533615350723266602e-01
-4.391367912292480469e+00;-2.331309795379638672e+00
-6.692902565002441406e+00;-2.232985496520996094e-01
-4.701128005981445312e+00;-9.763830900192260742e-01
-5.604568481445312500e+00;8.249865174293518066e-01
-6.360092639923095703e+00;8.905687332153320312e-01
-4.856732368469238281e+00;1.000742763280868530e-01
-7.446800708770751953e+00;-1.423416614532470703e+00
-6.852302551269531250e+00;-1.333047986030578613e+00
-6.276367187500000000e+00;5.799611210823059082e-01
-4.164741516113281250e+00;-8.018337488174438477e-01
-3.774926662445068359e+00;3.554934859275817871e-01
-5.143080234527587891e+00;3.676946163177490234e-01
-6.167292118072509766e+00;-6.157528162002563477e-01
-5.782709121704101562e+00;-1.934954375028610229e-01
-6.452004909515380859e+00;1.760203361511230469e+00
-5.285381317138671875e+00;-4.242905974388122559e-01
-5.543729782104492188e+00;-7.259343862533569336e-01
-5.533502101898193359e+00;-1.173518061637878418e+00
-4.450751304626464844e+00;-5.652832984924316406e-01
-5.481014251708984375e+00;-1.174654722213745117e+00
-4.726766109466552734e+00;-7.337851077318191528e-02
-4.649734020233154297e+00;-2.203356027603149414e-01
-5.369343757629394531e+00;-8.272402286529541016e-01
-6.817561149597167969e+00;-2.009266138076782227e+00
-4.537941455841064453e+00;-3.709864318370819092e-01
-5.687881469726562500e+00;-1.086549162864685059e+00
-5.659410953521728516e+00;-6.401207447052001953e-01
-5.032528877258300781e+00;1.813793480396270752e-01
-4.230856418609619141e+00;-2.869621992111206055e+00
-4.460997581481933594e+00;-1.435916781425476074e+00
-5.583125591278076172e+00;-2.319129705429077148e+00
-3.953920841217041016e+00;-1.982323408126831055e+00
-5.323997020721435547e+00;-7.671809792518615723e-01
-4.411388397216796875e+00;-3.618258237838745117e-01
-4.635744571685791016e+00;-8.204571604728698730e-01
-5.000528812408447266e+00;1.719832897186279297e+00
-4.045576572418212891e+00;-1.833886504173278809e+00
-5.319351673126220703e+00;-9.127639234066009521e-02
-5.018691062927246094e+00;-2.066653490066528320e+00
-6.543799877166748047e+00;2.581730782985687256e-01
-3.920096397399902344e+00;-7.188239097595214844e-01
-5.215025424957275391e+00;-6.197033524513244629e-01
-4.433809757232666016e+00;-4.812167882919311523e-01
-5.872768402099609375e+00;-1.872368901968002319e-01
-3.969895601272583008e+00;3.531047105789184570e-01
-5.108343124389648438e+00;-1.904398202896118164e+00
-4.902277469635009766e+00;-1.287361383438110352e+00
-4.923942565917968750e+00;-8.757387399673461914e-01
-4.975215911865234375e+00;-1.263401865959167480e+00
-3.550684690475463867e+00;-1.921872496604919434e+00
-4.233294486999511719e+00;-1.088053226470947266e+00
-4.816282272338867188e+00;-1.603217601776123047e+00
-5.109257221221923828e+00;-3.646935522556304932e-01
-4.315339565277099609e+00;-1.294611454010009766e+00
-4.509282588958740234e+00;3.439954817295074463e-01
-5.283648014068603516e+00;-6.994602680206298828e-01
-5.520842552185058594e+00;-6.443551182746887207e-01
-7.336548805236816406e+00;-9.294412732124328613e-01
-5.323357105255126953e+00;-9.103341102600097656e-01
-4.624083518981933594e+00;5.807817578315734863e-01
-4.892580032348632812e+00;1.818269938230514526e-01
-3.857080698013305664e+00;-1.342042326927185059e+00
-4.103389263153076172e+00;-1.258442759513854980e+00
-5.182972908020019531e+00;3.864243030548095703e-01
-5.522493839263916016e+00;-7.479615211486816406e-01
-3.786821365356445312e+00;-8.377673625946044922e-01
-5.772202968597412109e+00;-1.695052266120910645e+00
-4.999949455261230469e+00;2.975631058216094971e-01
-5.373812675476074219e+00;-1.138107419013977051e+00
-3.534096479415893555e+00;3.612087965011596680e-01
-5.338707447052001953e+00;1.587852537631988525e-01
-4.379017829895019531e+00;-3.252986073493957520e-01
-3.991493701934814453e+00;-1.507956385612487793e+00
-3.589124441146850586e+00;-1.643670320510864258e+00
-3.617192029953002930e+00;-1.887192010879516602e+00
-4.533466815948486328e+00;-6.928363442420959473e-01
-5.652649879455566406e+00;-3.945066332817077637e-01
-4.798259735107421875e+00;-1.842042446136474609e+00
-5.268913269042968750e+00;-1.186832070350646973e+00
-5.669261455535888672e+00;-9.259990453720092773e-01
-6.152089595794677734e+00;-1.709425330162048340e+00
-4.216967582702636719e+00;-5.108397603034973145e-01
-5.347552776336669922e+00;1.154627203941345215e+00
-5.170744895935058594e+00;-6.329987645149230957e-01
-4.190675735473632812e+00;-2.282693624496459961e+00
-4.756935596466064453e+00;-1.374161601066589355e+00
-6.376502990722656250e+00;-1.654819488525390625e+00
-5.196073532104492188e+00;-1.304034471511840820e+00
-5.073359489440917969e+00;-1.364206552505493164e+00
-3.984988451004028320e+00;-1.677401542663574219e+00
-5.511946201324462891e+00;-9.055550396442413330e-02
-6.175032138824462891e+00;7.515959143638610840e-01
-4.799815177917480469e+00;1.441547632217407227e+00
-4.575963020324707031e+00;-6.450020670890808105e-01
-4.580283164978027344e+00;-6.145092844963073730e-02
-6.228691101074218750e+00;-1.215424656867980957e+00
-3.988358974456787109e+00;-2.407981753349304199e-01
-5.334699630737304688e+00;4.528873562812805176e-01
-6.574357986450195312e+00;-2.139203548431396484e+00
-4.031418800354003906e+00;-2.354122638702392578e+00
-4.033413887023925781e+00;-1.569897413253784180e+00
-4.902453422546386719e+00;-8.468299508094787598e-01
-5.900256633758544922e+00;6.339569687843322754e-01
-5.440313339233398438e+00;5.048528909683227539e-01
-5.712148666381835938e+00;-1.035138130187988281e+00
-4.980350971221923828e+00;-4.189352691173553467e-01
-3.820663928985595703e+00;6.342310309410095215e-01
-6.622889041900634766e+00;-1.021059513092041016e+00
-4.697577476501464844e+00;4.830877184867858887e-01
-4.642324447631835938e+00;-1.395328164100646973e+00
-4.442203521728515625e+00;-7.605840563774108887e-01
-4.426164627075195312e+00;-8.588962554931640625e-01
-3.462799787521362305e+00;4.130333065986633301e-01
-3.820333480834960938e+00;-1.767252922058105469e+00
-4.806035995483398438e+00;2.535204887390136719e-01
-6.948194026947021484e+00;-9.490708112716674805e-01
-5.343917846679687500e+00;-9.844847917556762695e-01
-3.329526185989379883e+00;-2.083956718444824219e+00
-4.520211219787597656e+00;2.446806430816650391e-02
-4.102903842926025391e+00;-9.331800937652587891e-01
-4.953407287597656250e+00;-1.740993142127990723e+00
-5.582810401916503906e+00;-5.899524092674255371e-01
-5.986107826232910156e+00;-2.834157645702362061e-01
-3.750722885131835938e+00;1.732511073350906372e-01
-4.949624061584472656e+00;-7.570660114288330078e-01
-5.248852252960205078e+00;-1.906545162200927734e+00
-6.236206531524658203e+00;-9.561554193496704102e-01
-4.031708717346191406e+00;-2.628068685531616211e+00
-3.704084873199462891e+00;1.325316727161407471e-01
-6.057270050048828125e+00;-1.827238321304321289e+00
-4.852887153625488281e+00;-7.972428202629089355e-01
-4.810510158538818359e+00;-7.481273412704467773e-01
-4.822746753692626953e+00;-6.614570021629333496e-01
-4.264990329742431641e+00;-9.318985939025878906e-01
-4.218424797058105469e+00;2.190354764461517334e-01
-5.535980224609375000e+00;-7.807968854904174805e-01
-5.450672149658203125e+00;-2.109689235687255859e+00
-4.828782081604003906e+00;-7.942804694175720215e-01
-5.546783447265625000e+00;3.497002720832824707e-01
-5.622292518615722656e+00;-6.357064843177795410e-01
-6.855632305145263672e+00;-3.448455035686492920e-01
-5.008225440979003906e+00;-3.065167367458343506e-01
-5.160943984985351562e+00;8.238456249237060547e-01
-4.829159736633300781e+00;1.642605960369110107e-01
-4.376468658447265625e+00;-2.267392635345458984e+00
-5.629168033599853516e+00;-1.231336474418640137e+00
-6.509481906890869141e+00;-2.501748688519001007e-02
-6.008229255676269531e+00;-2.091598272323608398e+00
-2.702840805053710938e+00;-4.708871841430664062e-01
-4.963231086730957031e+00;-1.582602143287658691e+00
-5.261082649230957031e+00;-1.314981341361999512e+00
-5.296324729919433594e+00;-3.014202117919921875e-01
-4.621428489685058594e+00;-1.261108517646789551e+00
-4.951316833496093750e+00;-1.468312501907348633e+00
-5.350064277648925781e+00;-1.161220550537109375e+00
-7.143841743469238281e+00;-7.449767589569091797e-01
-6.656125545501708984e+00;-6.516193151473999023e-01
-6.264759540557861328e+00;-4.433601796627044678e-01
-4.875895977020263672e+00;-6.327932476997375488e-01
-5.327669143676757812e+00;-3.915549516677856445e-01
-5.291665554046630859e+00;-1.587778329849243164e+00
-6.099689483642578125e+00;-1.680713772773742676e+00
-4.872622489929199219e+00;-8.639418482780456543e-01
-3.291640758514404297e+00;5.246658921241760254e-01
-5.269367218017578125e+00;1.063128471374511719e+00
-3.671550750732421875e+00;-2.355859279632568359e+00
-4.566818714141845703e+00;1.398845195770263672e+00
-4.654932498931884766e+00;-1.920886278152465820e+00
-6.585130691528320312e+00;-7.520998716354370117e-01
-5.908093452453613281e+00;-1.199076771736145020e+00
1.501171588897705078e-01;-2.587674744427204132e-02
-8.707795143127441406e+00;3.646415472030639648e-01
-3.431479692459106445e+00;-1.236576557159423828e+00
-4.997542381286621094e+00;-1.061362028121948242e+00
-5.141935348510742188e+00;-1.795561552047729492e+00
-4.073608875274658203e+00;-6.915339827537536621e-01
-6.239515304565429688e+00;-2.283183634281158447e-01
-6.113422393798828125e+00;-1.093465089797973633e+00
-4.828072071075439453e+00;1.000179290771484375e+00
-3.917833566665649414e+00;-4.371763765811920166e-01
-6.467815399169921875e+00;3.751885890960693359e-01
-5.889085769653320312e+00;-1.749256849288940430e+00
-5.866502761840820312e+00;-1.325656652450561523e+00
-4.623562335968017578e+00;-5.048960447311401367e-01
-4.418416976928710938e+00;-2.350769639015197754e-01
-5.799363136291503906e+00;-4.089592099189758301e-01
-4.354036331176757812e+00;-5.202318429946899414e-01
-3.603085041046142578e+00;-1.299360036849975586e+00
-4.092832088470458984e+00;-1.739683508872985840e+00
-5.403992652893066406e+00;-2.400534629821777344e+00
-6.020617961883544922e+00;-3.572741448879241943e-01
-4.803729057312011719e+00;-1.997571289539337158e-01
-6.324625492095947266e+00;-1.328432679176330566e+00
-5.215330600738525391e+00;-1.736903548240661621e+00
-6.716775894165039062e+00;-3.514804244041442871e-01
-6.489526748657226562e+00;-1.113971233367919922e+00
-3.884527444839477539e+00;-1.334066540002822876e-01
-4.235819816589355469e+00;-1.459013462066650391e+00
-6.602763652801513672e+00;-1.599111258983612061e-01
-6.203995704650878906e+00;-2.081884384155273438e+00
-4.891511917114257812e+00;-7.256120443344116211e-01
-4.805786132812500000e+00;-2.304793447256088257e-01
-5.327885627746582031e+00;-1.643817663192749023e+00
-5.712777137756347656e+00;-8.225228786468505859e-01
-4.425084114074707031e+00;-2.762174606323242188e-01
-5.568042755126953125e+00;-1.365225613117218018e-01
-6.786504268646240234e+00;-6.200613379478454590e-01
-2.687493085861206055e+00;2.415046989917755127e-01
-4.379194736480712891e+00;-1.890964865684509277e+00
-4.642793655395507812e+00;-1.438349962234497070e+00
-5.700168609619140625e+00;-1.482968568801879883e+00
-6.181639194488525391e+00;-1.990472674369812012e-01
-5.724231719970703125e+00;-1.740517973899841309e+00
-4.392491340637207031e+00;-1.795056939125061035e+00
-3.422189950942993164e+00;-2.303082942962646484e+00
-4.507815361022949219e+00;-1.847672581672668457e+00
-6.423158168792724609e+00;-8.010456562042236328e-01
-3.891608715057373047e+00;-3.889890909194946289e-01
-6.458750724792480469e+00;1.096960678696632385e-01
-5.844721317291259766e+00;-6.668382883071899414e-01
-2.877012252807617188e+00;-7.109645605087280273e-01
-4.512059211730957031e+00;3.448374271392822266e-01
-5.552496433258056641e+00;8.245112895965576172e-01
-4.488497734069824219e+00;-1.604155182838439941e+00
-4.678553104400634766e+00;1.219607591629028320e+00
-5.006683349609375000e+00;7.634558677673339844e-01
-5.279301166534423828e+00;-9.659764766693115234e-01
-5.047286987304687500e+00;3.156074285507202148e-01
-4.991374492645263672e+00;-9.306980669498443604e-02
-5.845257282257080078e+00;-1.569534420967102051e+00
-5.683135032653808594e+00;5.222793817520141602e-01
-6.021035671234130859e+00;4.200635552406311035e-01
-5.249218940734863281e+00;-1.488006673753261566e-02
-4.229276657104492188e+00;5.648024082183837891e-01
-4.733114242553710938e+00;-1.162536263465881348e+00
-3.415483951568603516e+00;-1.524259090423583984e+00
-4.150968074798583984e+00;-7.712349891662597656e-01
-4.008353233337402344e+00;-4.085331857204437256e-01
-5.447991371154785156e+00;-1.279584407806396484e+00
-3.918833732604980469e+00;-2.552864074707031250e+00
-5.711764335632324219e+00;-2.303050518035888672e+00
-4.453550338745117188e+00;2.521089017391204834e-01
-4.502798080444335938e+00;-1.173115253448486328e+00
-5.261926651000976562e+00;-4.478296041488647461e-01
-5.054403305053710938e+00;-1.754472732543945312e+00
-5.389142513275146484e+00;-1.636307358741760254e+00
-5.136927127838134766e+00;3.873775005340576172e-01
-5.179416656494140625e+00;-2.532174587249755859e+00
-4.700679779052734375e+00;-7.503499984741210938e-01
-4.972766399383544922e+00;-2.371560096740722656e+00
-4.820938110351562500e+00;8.025370836257934570e-01
-3.846886157989501953e+00;-6.595244407653808594e-01
-6.284822463989257812e+00;-9.684282541275024414e-01
-4.053122520446777344e+00;-2.196335315704345703e+00
-5.321215152740478516e+00;2.856325507164001465e-01
-3.524051189422607422e+00;-3.053001761436462402e-01
-5.505686759948730469e+00;1.072092771530151367e+00
-3.609272241592407227e+00;-3.403089642524719238e-01
-4.066937446594238281e+00;5.866631269454956055e-01
-4.884347915649414062e+00;-3.699961118400096893e-03
-5.114886760711669922e+00;8.958831429481506348e-01
-6.386507034301757812e+00;-7.510895133018493652e-01
-4.452342510223388672e+00;-1.236806064844131470e-01
-4.606771945953369141e+00;-1.714971899986267090e+00
-6.174270629882812500e+00;-1.250846266746520996e+00
-2.652786731719970703e+00;-1.837427377700805664e+00
-5.683611869812011719e+00;-5.942305922508239746e-01
-4.111142158508300781e+00;-1.249931812286376953e+00
-4.972668647766113281e+00;-9.741398692131042480e-02
-4.231996059417724609e+00;7.640917301177978516e-01
-4.127722740173339844e+00;8.924873918294906616e-02
-4.173496246337890625e+00;-5.548148751258850098e-01
-5.934150695800781250e+00;-2.470208168029785156e+00
-4.873377799987792969e+00;-1.720563173294067383e+00
-5.659978389739990234e+00;-2.310129642486572266e+00
-4.776470661163330078e+00;-2.647309303283691406e-01
-4.806318283081054688e+00;1.116995140910148621e-01
-5.847297668457031250e+00;-2.264798134565353394e-01
-6.910713195800781250e+00;8.547056913375854492e-01
-5.182143688201904297e+00;9.840719699859619141e-01
-4.190102100372314453e+00;-3.930482268333435059e-01
-4.721866130828857422e+00;-4.863555431365966797e-01
-3.527481794357299805e+00;-8.871341943740844727e-01
-3.286286830902099609e+00;-1.294976353645324707e+00
-5.936973094940185547e+00;5.664902925491333008e-01
-4.331505775451660156e+00;-1.180138468742370605e+00
-4.220126628875732422e+00;-5.249033570289611816e-01
-4.103714466094970703e+00;-1.033437967300415039e+00
-5.453984260559082031e+00;-1.365767121315002441e+00
-4.947742462158203125e+00;-2.056656360626220703e+00
-4.238886356353759766e+00;-1.921002268791198730e+00
-5.890931129455566406e+00;-1.340436458587646484e+00
-5.482670307159423828e+00;-1.471082925796508789e+00
-4.611534595489501953e+00;-1.603055477142333984e+00
-4.853202342987060547e+00;-7.320007309317588806e-03
-5.011536121368408203e+00;3.811005875468254089e-02
-4.962911605834960938e+00;2.103512734174728394e-02
-5.533550739288330078e+00;-9.697743654251098633e-01
-4.846805572509765625e+00;-1.081134527921676636e-01
-5.174368858337402344e+00;-3.526929318904876709e-01
-4.417469024658203125e+00;9.913760423660278320e-02
-3.334424734115600586e+00;-1.436876296997070312e+00
-4.377115249633789062e+00;-2.213476896286010742e-01
-5.224098205566406250e+00;-1.373554348945617676e+00
-2.974085807800292969e+00;-3.304248452186584473e-01
-5.488687992095947266e+00;-1.304278731346130371e+00
-4.455004692077636719e+00;-1.547944545745849609e+00
-4.369878292083740234e+00;-1.086347937583923340e+00
-6.191346168518066406e+00;-4.329934120178222656e-01
-5.171271324157714844e+00;-2.446912765502929688e+00
-3.697874069213867188e+00;-9.554188847541809082e-01
-4.257124900817871094e+00;-5.096045136451721191e-01
-4.825745105743408203e+00;-1.000647306442260742e+00
-3.005352497100830078e+00;-4.306859076023101807e-01
-4.032934665679931641e+00;1.113464713096618652e+00
-4.627235412597656250e+00;-1.055939674377441406e+00
-5.800960063934326172e+00;-3.531621694564819336e-01
-2.887640714645385742e+00;-1.300309658050537109e+00
-4.384370803833007812e+00;5.658015012741088867e-01
-6.291590690612792969e+00;-2.339753210544586182e-01
-5.278228759765625000e+00;-1.907343626022338867e+00
-5.467492103576660156e+00;-2.436638355255126953e+00
-5.767764568328857422e+00;-1.934831619262695312e+00
-4.574209690093994141e+00;1.178502440452575684e-01
-5.139116764068603516e+00;-8.166284859180450439e-02
-5.498349189758300781e+00;-3.084101676940917969e+00
-5.157491683959960938e+00;-5.626686811447143555e-01
-5.401034832000732422e+00;-1.309164047241210938e+00
-5.790828704833984375e+00;-1.826858520507812500e+00
-5.080686092376708984e+00;-1.011439114809036255e-01
-4.506863594055175781e+00;-8.038605451583862305e-01
-3.858891963958740234e+00;7.474009394645690918e-01
-5.194771766662597656e+00;-1.944904327392578125e+00
-4.408244609832763672e+00;-1.403843909502029419e-01
-5.297421932220458984e+00;-2.089557170867919922e+00
-6.424964904785156250e+00;-5.506492257118225098e-01
-7.130030632019042969e+00;-1.662556648254394531e+00
-4.298512458801269531e+00;-1.531298458576202393e-01
-4.428351402282714844e+00;-2.174045324325561523e+00
-4.477019309997558594e+00;-7.624902725219726562e-01
-4.417722225189208984e+00;-2.461851015686988831e-02
-6.202260494232177734e+00;-1.325679063796997070e+00
-5.369386672973632812e+00;1.017085313796997070e+00
-4.822866439819335938e+00;-8.016401529312133789e-01
-6.327697277069091797e+00;-1.591385841369628906e+00
-5.528688430786132812e+00;-1.721211671829223633e+00
-4.760477066040039062e+00;-2.441211640834808350e-01
-3.803644180297851562e+00;-2.001588195562362671e-01
-6.384513854980468750e+00;-1.361965298652648926e+00
-4.775794506072998047e+00;-5.813426375389099121e-01
-3.177310705184936523e+00;-1.079613685607910156e+00
-6.400167942047119141e+00;-7.001245021820068359e-01
-4.230916500091552734e+00;-2.266556955873966217e-02
-5.046435832977294922e+00;-2.592862844467163086e-01
-6.410610198974609375e+00;-1.320170760154724121e-01
-3.783841371536254883e+00;-1.358454346656799316e+00
-5.495092391967773438e+00;-1.584684133529663086e+00
-6.252212524414062500e+00;-6.181447505950927734e-01
-5.269758224487304688e+00;-2.575504779815673828e+00
-3.865965843200683594e+00;-1.281942963600158691e+00
-4.915112018585205078e+00;-1.275229096412658691e+00
-3.420734643936157227e+00;-1.258584260940551758e-01
-4.410378932952880859e+00;-1.942660808563232422e+00
-5.768779754638671875e+00;-1.169559061527252197e-01
-6.253711700439453125e+00;3.777891397476196289e-01
-5.214458465576171875e+00;4.655427858233451843e-02
-5.873194694519042969e+00;-1.638044118881225586e+00
-4.684802532196044922e+00;3.635239303112030029e-01
-3.744481086730957031e+00;-9.486192464828491211e-01
-5.988472461700439453e+00;-1.562373638153076172e+00
-3.402316808700561523e+00;-5.707274675369262695e-01
-4.337095260620117188e+00;-1.693967282772064209e-01
-3.919458627700805664e+00;-1.595796585083007812e+00
-5.381535053253173828e+00;-1.627925395965576172e+00
-6.278735637664794922e+00;7.584936618804931641e-01
-2.801954746246337891e+00;-7.953701019287109375e-01
-5.104948997497558594e+00;-3.099669516086578369e-01
-6.096190929412841797e+00;-3.134666383266448975e-01
-5.364738464355468750e+00;-1.519328713417053223e+00
-5.510569095611572266e+00;-4.849475026130676270e-01
-6.041437149047851562e+00;-5.061676502227783203e-01
-5.241335868835449219e+00;-2.025107145309448242e+00
-6.225668430328369141e+00;2.171501159667968750e+00
-6.397503376007080078e+00;-1.334625124931335449e+00
-5.577887535095214844e+00;-1.233222723007202148e+00
-4.971720218658447266e+00;-7.735364437103271484e-01
-5.524429321289062500e+00;-1.533006191253662109e+00
-5.039983749389648438e+00;-1.138933420181274414e+00
-3.981560468673706055e+00;-6.408916711807250977e-01
-4.848510265350341797e+00;-1.096529841423034668e+00
-5.056185245513916016e+00;-8.066689968109130859e-01
-5.496835708618164062e+00;-1.779903411865234375e+00
-5.078481674194335938e+00;-9.085948467254638672e-01
-3.970171928405761719e+00;-4.903762340545654297e-01
-4.392282962799072266e+00;7.521090507507324219e-01
-4.454129695892333984e+00;6.975095868110656738e-01
-3.434111356735229492e+00;8.770285844802856445e-01
-5.963830471038818359e+00;7.575273513793945312e-02
-4.383864402770996094e+00;-5.990122556686401367e-01
-5.346714019775390625e+00;-1.387391805648803711e+00
-4.156535625457763672e+00;-4.510077238082885742e-01
-5.262386322021484375e+00;-2.059343814849853516e+00
-4.341137886047363281e+00;-2.488031685352325439e-01
-5.717566967010498047e+00;3.471063077449798584e-01
-5.037139415740966797e+00;-1.330607652664184570e+00
-4.847114086151123047e+00;-1.225373506546020508e+00
-4.990752696990966797e+00;6.757202744483947754e-01
-3.959083557128906250e+00;-1.878302931785583496e+00
-3.101957321166992188e+00;-5.571101307868957520e-01
-4.481633186340332031e+00;-9.324318170547485352e-01
-6.229722976684570312e+00;-1.431263804435729980e+00
-7.390242099761962891e+00;-1.183059334754943848e+00
-5.475176811218261719e+00;-1.164687752723693848e+00
-4.225069999694824219e+00;1.144751161336898804e-01
-6.133285522460937500e+00;-1.870078325271606445e+00
-4.678002834320068359e+00;-7.735204696655273438e-01
-4.511005401611328125e+00;-1.731065034866333008e+00
-3.908015966415405273e+00;-5.607217550277709961e-01
-5.323865413665771484e+00;-2.747425138950347900e-01
-5.391369819641113281e+00;4.439323544502258301e-01
-4.515750408172607422e+00;-9.801772832870483398e-01
-6.179413795471191406e+00;-1.169876337051391602e+00
-4.233422756195068359e+00;-2.342909201979637146e-02
-3.716180562973022461e+00;-1.338855743408203125e+00
-4.127285957336425781e+00;-7.057505846023559570e-01
-4.789589881896972656e+00;8.403954505920410156e-01
-4.823410987854003906e+00;-1.750264883041381836e+00
-5.193230152130126953e+00;-7.118172645568847656e-01
-5.309023380279541016e+00;-1.296755075454711914e+00
-2.695946931838989258e+00;-1.276377201080322266e+00
-4.509234428405761719e+00;-1.274316906929016113e-01
-5.417708396911621094e+00;-8.103164434432983398e-01
-5.407118320465087891e+00;-8.620569109916687012e-01
-4.429141521453857422e+00;-1.466999173164367676e+00
-5.104028701782226562e+00;9.374789595603942871e-01
-4.685532569885253906e+00;-1.879647970199584961e+00
-6.970049381256103516e+00;-5.171709060668945312e-01
-5.817906856536865234e+00;-1.986917495727539062e+00
-5.526027679443359375e+00;-4.954015016555786133e-01
-6.205854892730712891e+00;-4.213142991065979004e-01
-5.426158428192138672e+00;-1.188161134719848633e+00
-6.295559406280517578e+00;-9.877942800521850586e-01
-6.310909271240234375e+00;-1.686631679534912109e+00
-5.764595508575439453e+00;1.429801583290100098e-01
-5.601480484008789062e+00;-1.348446011543273926e+00
-4.024240016937255859e+00;-7.776762843132019043e-01
-4.174324512481689453e+00;-5.562081933021545410e-01
-4.562966346740722656e+00;-8.834277987480163574e-01
-4.808598041534423828e+00;-1.456032276153564453e+00
-5.836711406707763672e+00;-1.092949151992797852e+00
-4.542729377746582031e+00;-3.687543392181396484e+00
-4.258381366729736328e+00;4.674773812294006348e-01
-5.245228767395019531e+00;-2.186259269714355469e+00
-6.291996479034423828e+00;-1.738087832927703857e-02
-5.328059196472167969e+00;-1.303136229515075684e+00
-5.629495620727539062e+00;-1.178538560867309570e+00
-6.080995559692382812e+00;-1.494809389114379883e-01
-4.518265724182128906e+00;6.888851523399353027e-01
-5.410912036895751953e+00;-3.657956123352050781e-01
-6.165797710418701172e+00;4.521992802619934082e-01
-5.837203025817871094e+00;-9.198660254478454590e-01
-5.013928413391113281e+00;-1.461990118026733398e+00
-5.493606567382812500e+00;3.880765140056610107e-01
-6.916224956512451172e+00;-9.000051617622375488e-01
-6.061714649200439453e+00;-9.685495495796203613e-01
-5.287936210632324219e+00;5.235219001770019531e-01
-4.916683197021484375e+00;-1.533622980117797852e+00
-4.851398468017578125e+00;-1.246996760368347168e+00
-5.931794166564941406e+00;-6.295722126960754395e-01
-2.596300840377807617e+00;-5.077722668647766113e-01
-3.516654253005981445e+00;-5.266470313072204590e-01
-4.717537403106689453e+00;-4.715896844863891602e-01
-4.848517894744873047e+00;-2.695463180541992188e+00
-5.347441673278808594e+00;-9.955362975597381592e-02
-5.699573040008544922e+00;-1.936189651489257812e+00
-6.019365310668945312e+00;-2.137430667877197266e+00
-7.186358928680419922e+00;-9.687463045120239258e-01
-3.510346412658691406e+00;-9.373255074024200439e-02
-4.939846515655517578e+00;7.148104906082153320e-02
-5.173513889312744141e+00;-4.507177770137786865e-01
-5.535666942596435547e+00;-1.495666265487670898e+00
-6.405883789062500000e+00;-1.315340518951416016e+00
-5.066765785217285156e+00;9.414986371994018555e-01
-4.911093235015869141e+00;-1.513965725898742676e+00
-4.228392124176025391e+00;-1.659873962402343750e+00
-4.685314655303955078e+00;-2.153721451759338379e-01
-4.319502353668212891e+00;4.500479698181152344e-01
-5.386293888092041016e+00;1.473384201526641846e-01
-4.083540916442871094e+00;-2.298112869262695312e+00
-5.103363037109375000e+00;-7.752698063850402832e-01
-5.470515251159667969e+00;-5.194683074951171875e-01
-3.269489288330078125e+00;8.565761893987655640e-02
-4.280050277709960938e+00;-1.671009063720703125e+00
-4.043290615081787109e+00;-4.950594305992126465e-01
-3.295290231704711914e+00;-1.634596884250640869e-01
-5.277375221252441406e+00;-9.567642807960510254e-01
-7.018883705139160156e+00;4.165108799934387207e-01
-7.015241622924804688e+00;-6.170370578765869141e-01
-2.501407146453857422e+00;9.564578533172607422e-02
-4.385612010955810547e+00;-1.313863039016723633e+00
-5.269526004791259766e+00;-1.133915901184082031e+00
-4.590215682983398438e+00;-5.922491550445556641e-01
-5.572854042053222656e+00;-1.149108648300170898e+00
-3.295206069946289062e+00;-1.895026206970214844e+00
-5.217709064483642578e+00;-1.688991308212280273e+00
-5.802846908569335938e+00;-1.950395107269287109e-01
-3.604467153549194336e+00;-1.987311363220214844e+00
-6.866115093231201172e+00;-3.047937393188476562e+00
-4.396728515625000000e+00;-7.197196483612060547e-01
-3.510262250900268555e+00;1.535829603672027588e-01
-6.230499267578125000e+00;-7.582430243492126465e-01
-4.602064609527587891e+00;-2.711618185043334961e+00
-4.893272399902343750e+00;-1.885969281196594238e+00
-5.946504116058349609e+00;-8.814743161201477051e-01
-4.822072029113769531e+00;-1.385755181312561035e+00
-5.951715469360351562e+00;5.434736609458923340e-02
-4.854397773742675781e+00;-1.297977805137634277e+00
-6.140645980834960938e+00;-3.116363048553466797e+00
-4.847865104675292969e+00;-1.126396894454956055e+00
-4.371134757995605469e+00;-2.004975229501724243e-01
-3.482156276702880859e+00;-6.892483234405517578e-01
-5.405699729919433594e+00;9.436594247817993164e-01
-4.715239524841308594e+00;-1.477847337722778320e+00
-5.217746734619140625e+00;-1.503679513931274414e+00
-4.291472434997558594e+00;-1.234050035476684570e+00
-5.274719238281250000e+00;-1.618714809417724609e+00
-4.299672126770019531e+00;-1.331886768341064453e+00
-5.692559242248535156e+00;-2.154756784439086914e-01
-4.839619636535644531e+00;-8.693323135375976562e-01
-6.590745925903320312e+00;-9.712192416191101074e-02
-6.861189365386962891e+00;-7.713858485221862793e-01
-5.454189777374267578e+00;-1.017661809921264648e+00
-5.428928375244140625e+00;-7.311146259307861328e-01
-4.330475807189941406e+00;5.095021724700927734e-01
-3.970631122589111328e+00;-1.458594322204589844e+00
-4.535897254943847656e+00;-2.604556083679199219e-01
-5.644640922546386719e+00;-1.879504203796386719e+00
-4.440793991088867188e+00;-6.059636473655700684e-01
-3.217959165573120117e+00;-1.606320023536682129e+00
-3.327754974365234375e+00;-3.864851593971252441e-01
-4.869091987609863281e+00;4.533874988555908203e-01
-4.160930633544921875e+00;-1.453022241592407227e+00
-3.708203315734863281e+00;-1.368075013160705566e+00
-3.864741325378417969e+00;-1.188072323799133301e+00
-4.994827747344970703e+00;-6.169778108596801758e-01
-4.072722911834716797e+00;3.636780977249145508e-01
-4.251196861267089844e+00;-1.926725387573242188e+00
-4.204313278198242188e+00;-5.967224836349487305e-01
-3.607536315917968750e+00;2.995350956916809082e-02
-4.204425334930419922e+00;-7.583848237991333008e-01
-6.159345626831054688e+00;-8.978310823440551758e-01
-3.606144189834594727e+00;5.223892331123352051e-01
-4.867314338684082031e+00;-1.115389823913574219e+00
-5.809584140777587891e+00;-4.909982085227966309e-01
-5.896679401397705078e+00;-5.832930207252502441e-01
-6.419512748718261719e+00;-1.841839551925659180e+00
-4.365677356719970703e+00;-1.634050011634826660e+00
-4.330219268798828125e+00;-1.786003112792968750e+00
-5.049546718597412109e+00;-7.856230139732360840e-01
-5.955903053283691406e+00;-8.046784996986389160e-01
-4.791096687316894531e+00;-5.823620557785034180e-01
-5.502912044525146484e+00;-1.484295129776000977e-01
-5.250331401824951172e+00;-8.263216167688369751e-02
-4.470481395721435547e+00;-1.746971011161804199e-01
-4.822041988372802734e+00;-4.163275063037872314e-01
-4.390508651733398438e+00;2.058491408824920654e-01
-5.006107807159423828e+00;-1.156773805618286133e+00
-4.532277584075927734e+00;3.329460620880126953e-01
-4.530691623687744141e+00;-1.536105871200561523e+00
-5.939972877502441406e+00;5.413910150527954102e-01
-7.244596958160400391e+00;-8.681147098541259766e-01
-5.849214076995849609e+00;-1.807730197906494141e+00
-5.332366466522216797e+00;-7.780057191848754883e-01
-6.851464271545410156e+00;3.813673853874206543e-01
-2.957994937896728516e+00;-1.523043155670166016e+00
-5.426501274108886719e+00;-9.268563985824584961e-01
-5.505822181701660156e+00;-1.118529558181762695e+00
-5.771100997924804688e+00;-3.577524423599243164e-01
-3.987732410430908203e+00;-1.618326544761657715e+00
-4.251170158386230469e+00;7.851525545120239258e-01
-3.893965959548950195e+00;-6.645684242248535156e-01
-3.759232997894287109e+00;-1.490342140197753906e+00
-6.861667633056640625e+00;1.604984402656555176e-01
-5.564706802368164062e+00;4.767974019050598145e-01
-4.619941234588623047e+00;-1.717959284782409668e+00
-4.715284824371337891e+00;6.039733886718750000e-01
-4.504859924316406250e+00;1.309072732925415039e+00
-3.876193046569824219e+00;-5.668277740478515625e-01
-5.980819225311279297e+00;-6.081182956695556641e-01
-5.055219650268554688e+00;-2.007676362991333008e+00
-6.991650581359863281e+00;-1.338624238967895508e+00
-4.624226093292236328e+00;-1.672851800918579102e+00
-4.428196907043457031e+00;-1.543026447296142578e+00
-5.288811206817626953e+00;-1.007882714271545410e+00
-3.477648258209228516e+00;-8.742229938507080078e-01
-6.296720981597900391e+00;-7.778231501579284668e-01
-5.600735187530517578e+00;-5.107744932174682617e-01
-5.156265258789062500e+00;-5.313561558723449707e-01
-5.280429840087890625e+00;-2.994366884231567383e-01
-6.293644428253173828e+00;-1.622702479362487793e-01
-5.540690422058105469e+00;-8.859839439392089844e-01
-4.102620124816894531e+00;-9.321866035461425781e-01
-4.499898910522460938e+00;6.834080219268798828e-01
-3.533277511596679688e+00;-1.046937704086303711e+00
-6.208653450012207031e+00;-1.196343779563903809e+00
-6.040786743164062500e+00;5.399701595306396484e-01
-4.943836212158203125e+00;-1.302697896957397461e+00
-5.385176658630371094e+00;-2.029066979885101318e-01
-4.969461917877197266e+00;-1.045007228851318359e+00
-5.043045043945312500e+00;-6.050037145614624023e-01
-6.179464340209960938e+00;-5.369968414306640625e-01
-6.054914474487304688e+00;-1.441417694091796875e+00
-6.718678474426269531e+00;-3.343285620212554932e-01
-5.990088939666748047e+00;-1.856515288352966309e+00
-4.810189247131347656e+00;-4.195285737514495850e-01
-3.992802858352661133e+00;-1.046448349952697754e+00
-4.237612247467041016e+00;-1.017329692840576172e+00
-5.471040725708007812e+00;2.728236913681030273e-01
-4.132803440093994141e+00;-7.750620841979980469e-01
-6.732058525085449219e+00;6.093330383300781250e-01
-5.116679668426513672e+00;9.034083038568496704e-02
-4.999347209930419922e+00;3.892843052744865417e-02
-3.816117763519287109e+00;-9.671277999877929688e-01
-5.587009429931640625e+00;-1.219019889831542969e+00
-4.234848976135253906e+00;-4.175462424755096436e-01
-4.801996707916259766e+00;-1.754373311996459961e+00
-3.863446474075317383e+00;-2.766703367233276367e-01
-1.063970923423767090e+00;-3.237757980823516846e-01
