1.524916529655456543e+00;-4.186912775039672852e-01
7.425762414932250977e-01;-4.335638046264648438e+00
1.407653808593750000e+00;-1.193242192268371582e+00
-3.842554569244384766e+00;-2.141788959503173828e+00
-3.489264011383056641e+00;-1.341545581817626953e+00
-5.468340396881103516e+00;-1.469718217849731445e+00
3.709796190261840820e+00;-1.456230044364929199e+00
-4.403074741363525391e+00;8.867403268814086914e-01
-3.502583503723144531e+00;-5.966398715972900391e-01
-4.969006061553955078e+00;-1.191219568252563477e+00
2.003632307052612305e+00;-9.545788764953613281e-01
3.043039798736572266e+00;-7.322025895118713379e-01
6.713498830795288086e-01;-5.304872989654541016e-01
1.462262868881225586e-01;-4.320963382720947266e+00
6.440541744232177734e-01;-3.858531236648559570e+00
1.398080945014953613e+00;-3.900708436965942383e+00
4.081721305847167969e-01;5.754027366638183594e-01
2.067096710205078125e+00;-4.719359397888183594e+00
1.923280715942382812e+00;-2.333522081375122070e+00
1.568427801132202148e+00;-4.386934280395507812e+00
1.361799240112304688e+00;-2.112397193908691406e+00
-4.985371112823486328e+00;7.456535100936889648e-01
2.889441013336181641e+00;-4.540402412414550781e+00
-3.491282939910888672e+00;1.920987367630004883e-01
-5.095214366912841797e+00;-1.017451643943786621e+00
1.820839524269104004e+00;-5.574361085891723633e-01
-2.973004817962646484e+00;-2.226525306701660156e+00
1.698830008506774902e+00;-4.139388084411621094e+00
-4.710006713867187500e+00;-1.821002244949340820e+00
2.918471336364746094e+00;-5.194988727569580078e+00
4.053846359252929688e+00;-1.413701534271240234e+00
-5.678224086761474609e+00;-1.070050239562988281e+00
2.472759008407592773e+00;-1.215389013290405273e+00
1.607672572135925293e+00;-3.539474964141845703e+00
-3.584354877471923828e+00;-5.760001540184020996e-01
-5.823780536651611328e+00;-1.165764331817626953e-01
-5.862507343292236328e+00;-1.283115625381469727e+00
2.303100824356079102e-01;-4.451798439025878906e+00
1.770944595336914062e+00;-1.686765909194946289e+00
1.974726676940917969e+00;-1.157587528228759766e+00
2.587664604187011719e+00;-2.339616298675537109e+00
2.076051712036132812e+00;-4.034215927124023438e+00
-3.797506332397460938e+00;-8.511543273925781250e-02
-3.585442543029785156e+00;-1.560811519622802734e+00
-3.337176799774169922e+00;-2.077042818069458008e+00
-5.527757644653320312e+00;-2.052288532257080078e+00
3.822016716003417969e-02;-2.946706533432006836e+00
1.977681159973144531e+00;-4.396657466888427734e+00
-4.594233989715576172e+00;-1.196931362152099609e+00
2.873034477233886719e+00;-2.392087459564208984e+00
3.423570871353149414e+00;-7.001255750656127930e-01
2.278604984283447266e+00;-3.858376741409301758e+00
-5.580328464508056641e+00;-9.952797889709472656e-01
2.468317985534667969e+00;-2.511857986450195312e+00
1.845513939857482910e+00;-3.855219364166259766e+00
2.502771139144897461e+00;-3.264440298080444336e-01
-4.391065120697021484e+00;-1.180540204048156738e+00
1.681174993515014648e+00;-1.157231926918029785e-01
2.504670381546020508e+00;-1.791681528091430664e+00
-5.484589099884033203e+00;-3.760065317153930664e+00
-4.279879570007324219e+00;-6.776418685913085938e-01
2.524267435073852539e+00;-1.055219173431396484e-01
-5.749711036682128906e+00;-3.412851691246032715e-01
-6.095185279846191406e+00;-1.361003398895263672e+00
9.437740445137023926e-01;-2.071204900741577148e+00
-4.430474281311035156e+00;-4.148647189140319824e-01
1.158537864685058594e+00;-3.069683551788330078e+00
-5.884828090667724609e+00;-1.721036434173583984e+00
2.452516794204711914e+00;-3.569738149642944336e+00
3.082881450653076172e+00;-1.179776310920715332e+00
7.384665012359619141e-01;-1.574009180068969727e+00
3.304722547531127930e+00;-3.622087955474853516e+00
-6.146703243255615234e+00;-1.578940033912658691e+00
2.145190954208374023e+00;-5.671610832214355469e+00
1.649176359176635742e+00;1.504009962081909180e-02
1.537274122238159180e+00;5.778123140335083008e-01
-1.266574859619140625e-02;-9.538027048110961914e-01
3.994770288467407227e+00;-3.435863256454467773e+00
1.615512132644653320e+00;-5.022421479225158691e-01
-5.834182262420654297e+00;-6.763132810592651367e-01
-5.550212860107421875e+00;-2.028337001800537109e+00
1.495459794998168945e+00;-4.334860324859619141e+00
6.843769550323486328e-01;-4.463207244873046875e+00
-5.840907096862792969e+00;-1.324190974235534668e+00
2.736033916473388672e+00;-1.985040783882141113e+00
1.709856510162353516e+00;-5.451430320739746094e+00
2.696133136749267578e+00;-1.143637418746948242e+00
1.985749721527099609e+00;7.085889577865600586e-01
1.892398834228515625e+00;-6.703001022338867188e+00
1.522352576255798340e+00;-5.001899719238281250e+00
-3.815228462219238281e+00;-1.906498670578002930e+00
1.664816021919250488e+00;-2.908802509307861328e+00
1.857092261314392090e+00;-5.048302173614501953e+00
-6.340680122375488281e+00;-1.516754865646362305e+00
2.194784879684448242e+00;-5.008234977722167969e-01
-4.590696811676025391e+00;-2.307782649993896484e+00
1.511993169784545898e+00;-5.165146827697753906e+00
-4.258211135864257812e+00;-5.383744239807128906e-01
2.102473020553588867e+00;-3.818875312805175781e+00
-4.574949264526367188e+00;-6.574099063873291016e-01
3.826739311218261719e+00;-3.582858324050903320e+00
3.594469070434570312e+00;-5.439123630523681641e+00
3.518373012542724609e+00;-3.745902538299560547e+00
4.033703327178955078e+00;7.382949590682983398e-01
2.646027088165283203e+00;-3.226115465164184570e+00
1.026458740234375000e-01;1.023843526840209961e+00
3.074707984924316406e+00;-3.062849044799804688e+00
2.882522106170654297e+00;3.930957317352294922e-01
1.807839870452880859e+00;-3.353600978851318359e+00
1.222941279411315918e+00;-8.019195795059204102e-01
2.435415983200073242e+00;-6.067352890968322754e-01
-5.098329544067382812e+00;-1.747347593307495117e+00
-4.876239299774169922e+00;-2.317169666290283203e+00
3.059440374374389648e+00;-4.821555137634277344e+00
1.508604049682617188e+00;-3.140984535217285156e+00
-3.669298648834228516e+00;2.151502370834350586e-01
7.408685684204101562e-01;1.708436608314514160e-01
2.806691169738769531e+00;4.173297882080078125e-01
2.340588808059692383e+00;6.864066123962402344e-01
-2.859022140502929688e+00;-1.956805586814880371e+00
2.767618656158447266e+00;-9.862489700317382812e-01
-3.703018665313720703e+00;-9.653799533843994141e-01
7.973231077194213867e-01;-4.471412658691406250e+00
-6.381128311157226562e+00;-2.099368333816528320e+00
2.171723365783691406e+00;-6.217520713806152344e+00
3.017974376678466797e+00;8.000344038009643555e-02
2.720014572143554688e+00;-5.839391708374023438e+00
3.009612560272216797e+00;-3.056951999664306641e+00
1.733916044235229492e+00;1.445390701293945312e+00
-4.967585563659667969e+00;-1.490291595458984375e+00
-4.341531753540039062e+00;-9.497970342636108398e-01
3.093168020248413086e+00;-1.057584404945373535e+00
2.443061828613281250e+00;-2.489198207855224609e+00
-4.377591609954833984e+00;-1.376712322235107422e+00
2.388175010681152344e+00;-3.997218847274780273e+00
-7.561099529266357422e-02;-5.001553535461425781e+00
-4.530774116516113281e+00;-1.145019531250000000e+00
-5.911438465118408203e+00;-8.106201887130737305e-01
-4.191942214965820312e+00;1.496115922927856445e-01
1.568057537078857422e+00;-6.519515037536621094e+00
-5.833582878112792969e+00;8.243159055709838867e-01
7.996094226837158203e-01;-3.570232629776000977e+00
2.697972774505615234e+00;-3.414295315742492676e-01
2.236760377883911133e+00;-1.958378553390502930e+00
2.209351062774658203e+00;-9.254264831542968750e-02
-4.240167140960693359e-02;-4.762460708618164062e+00
-6.298097133636474609e+00;-7.670801877975463867e-01
-6.708586215972900391e+00;-9.004997611045837402e-01
7.799612283706665039e-01;-1.051757812500000000e+00
3.075249195098876953e+00;-4.424516260623931885e-01
2.591698408126831055e+00;-3.729134321212768555e+00
3.175102233886718750e+00;-3.069070816040039062e+00
2.130021572113037109e+00;-5.926475524902343750e-01
2.902033329010009766e+00;1.649685144424438477e+00
-4.655460834503173828e+00;-9.114660620689392090e-01
-4.367392539978027344e+00;-7.237994670867919922e-02
1.633847355842590332e+00;-2.255973815917968750e+00
-5.468672275543212891e+00;8.117327690124511719e-01
-6.659615039825439453e+00;-1.378443241119384766e+00
1.259003639221191406e+00;2.830470800399780273e-01
-6.356023311614990234e+00;-2.436504840850830078e+00
2.339817523956298828e+00;-2.127021551132202148e-01
-5.301370143890380859e+00;-1.410258412361145020e+00
-6.171423912048339844e+00;-1.430335044860839844e+00
-3.760909795761108398e+00;-1.023349046707153320e+00
4.446859359741210938e-01;-3.708282709121704102e+00
2.339869022369384766e+00;-4.048649787902832031e+00
-3.688355684280395508e+00;-5.379348993301391602e-02
1.770708084106445312e+00;-2.314187288284301758e+00
1.660053133964538574e+00;-3.636092185974121094e+00
-4.088127613067626953e+00;-5.407077074050903320e-02
-5.128275394439697266e+00;-2.054025530815124512e-01
-4.648306369781494141e+00;-2.893434524536132812e+00
-4.974226474761962891e+00;-1.288090467453002930e+00
-4.086829185485839844e+00;-2.068389654159545898e+00
-7.359200477600097656e+00;-2.348896980285644531e+00
2.149238824844360352e+00;-1.373369216918945312e+00
2.788704633712768555e+00;-1.192195296287536621e+00
-4.287615299224853516e+00;-1.740774989128112793e+00
2.529846668243408203e+00;-3.844271898269653320e+00
2.744910717010498047e+00;-1.642478704452514648e+00
2.589787483215332031e+00;-5.326296806335449219e+00
1.823443651199340820e+00;-9.312078952789306641e-01
-4.017444610595703125e+00;-1.195087909698486328e+00
-3.871298789978027344e+00;-3.185471892356872559e-01
2.541343450546264648e+00;-1.102638006210327148e+00
3.216781377792358398e+00;-5.719331502914428711e-01
-4.870698451995849609e+00;-3.285789489746093750e-02
-6.306898117065429688e+00;-5.663385391235351562e-01
3.190085172653198242e+00;-5.109061002731323242e-01
4.277696609497070312e+00;-1.196849346160888672e+00
4.274950027465820312e-01;-5.723744392395019531e+00
-1.670597791671752930e-01;-5.808470726013183594e+00
1.785881519317626953e+00;5.076490640640258789e-01
8.017457723617553711e-01;-3.941965341567993164e+00
2.791604518890380859e+00;-4.327341318130493164e-01
1.539220333099365234e+00;-1.300242066383361816e+00
1.348708152770996094e+00;-3.487188339233398438e+00
6.289294958114624023e-01;1.679685711860656738e-01
-3.068757057189941406e+00;-6.186462640762329102e-01
3.070907354354858398e+00;-2.503724098205566406e+00
-3.429934501647949219e+00;-7.514489889144897461e-01
1.154597997665405273e+00;-4.290679931640625000e+00
-4.673568248748779297e+00;3.108942508697509766e-01
2.446055889129638672e+00;-4.794720649719238281e+00
1.608008027076721191e+00;-4.579984247684478760e-01
2.247097969055175781e+00;7.955070734024047852e-01
1.522806286811828613e+00;-1.773966550827026367e+00
-3.216017246246337891e+00;7.731628417968750000e-02
3.554698705673217773e+00;2.452195882797241211e-01
-5.961989402770996094e+00;-1.343429327011108398e+00
3.285874366760253906e+00;-2.073472023010253906e+00
2.274503469467163086e+00;-5.760700225830078125e+00
-6.780821323394775391e+00;-9.052268266677856445e-01
1.534358024597167969e+00;-4.118546485900878906e+00
1.333355307579040527e+00;3.611564636230468750e-02
3.039887905120849609e+00;-2.825001955032348633e+00
1.810100317001342773e+00;1.573615312576293945e+00
1.934794306755065918e+00;-1.519748210906982422e+00
2.117647647857666016e+00;-5.341626644134521484e+00
2.624961614608764648e+00;9.067274332046508789e-01
2.953715801239013672e+00;-1.755140423774719238e+00
4.511289119720458984e+00;-5.376712799072265625e+00
1.027063846588134766e+00;2.475643157958984375e-01
-6.490592002868652344e+00;-1.101698398590087891e+00
-5.157051086425781250e+00;-4.546687006950378418e-01
1.900686025619506836e+00;-5.547821521759033203e+00
-5.162872791290283203e+00;-1.442546367645263672e+00
1.693879485130310059e+00;-4.209641456604003906e+00
-3.970668315887451172e+00;-1.380768299102783203e+00
1.069344282150268555e+00;-1.475731849670410156e+00
-4.119204998016357422e+00;8.862173557281494141e-02
3.161062240600585938e+00;-4.217376708984375000e+00
3.455967187881469727e+00;-4.643774032592773438e+00
2.340970516204833984e+00;-6.102537512779235840e-01
-4.836730003356933594e+00;-9.003797769546508789e-01
3.768415689468383789e+00;-4.651260375976562500e+00
-4.477716445922851562e+00;-1.581861972808837891e+00
-3.073813915252685547e+00;-1.925697803497314453e+00
2.713453769683837891e+00;-5.146624565124511719e+00
-5.240448951721191406e+00;-8.784348964691162109e-01
-5.656649112701416016e+00;-1.070108413696289062e+00
2.716748714447021484e+00;-5.102201938629150391e+00
-2.746279239654541016e-01;-3.375556707382202148e+00
-4.658616542816162109e+00;-9.087929129600524902e-01
1.382544040679931641e+00;-6.285310745239257812e+00
-4.449558734893798828e+00;3.237520456314086914e-01
2.394620656967163086e+00;-1.213251709938049316e+00
1.486237049102783203e+00;-3.424977958202362061e-01
3.896776676177978516e+00;-3.530105829238891602e+00
6.832381486892700195e-01;-2.532524585723876953e+00
-4.547247409820556641e+00;-2.299578666687011719e+00
4.507596015930175781e+00;-4.687243938446044922e+00
2.638710498809814453e+00;-2.302580118179321289e+00
1.668875575065612793e+00;-4.451412677764892578e+00
1.745357036590576172e+00;4.986869096755981445e-01
-6.492506027221679688e+00;-2.002692699432373047e+00
1.822081089019775391e+00;-1.442588567733764648e+00
-1.294028759002685547e-02;-3.411081314086914062e+00
2.030435562133789062e+00;-4.219092369079589844e+00
-5.354172706604003906e+00;-2.317602634429931641e+00
-7.620215415954589844e-03;-3.250699043273925781e+00
1.974839329719543457e+00;-4.863450527191162109e+00
-5.883625984191894531e+00;-2.394389629364013672e+00
-4.738360404968261719e+00;-5.907872915267944336e-01
-9.272098541259765625e-03;-3.992317438125610352e+00
-5.160253524780273438e+00;6.816859245300292969e-01
1.467792749404907227e+00;-2.704506158828735352e+00
-4.923647880554199219e+00;-1.280212402343750000e+00
2.641776800155639648e+00;3.550708293914794922e-01
-5.376044273376464844e+00;-2.487481117248535156e+00
-3.042753696441650391e+00;-2.074398040771484375e+00
-5.408231258392333984e+00;-4.182908535003662109e-01
-5.190599441528320312e+00;-1.660521030426025391e-01
1.918441653251647949e+00;-6.279444217681884766e+00
2.167346000671386719e+00;-3.737543344497680664e+00
-4.750668048858642578e+00;5.753052234649658203e-02
-4.225187301635742188e+00;-1.381165862083435059e+00
-5.980965137481689453e+00;-1.535145282745361328e+00
-5.573218822479248047e+00;-2.511736750602722168e-01
-6.322158813476562500e+00;7.325247526168823242e-01
2.403632640838623047e+00;6.728558540344238281e-01
3.135798692703247070e+00;3.397744894027709961e-02
7.540251016616821289e-01;-2.866396903991699219e+00
3.561023473739624023e-01;-4.443108558654785156e+00
1.764541864395141602e+00;-3.840675592422485352e+00
3.679617881774902344e+00;-2.477170825004577637e-01
2.366880416870117188e+00;-4.312369525432586670e-01
2.417831420898437500e-01;-3.685997009277343750e+00
3.203080892562866211e+00;-1.044395446777343750e+00
-8.563232421875000000e-02;-1.208636164665222168e-01
2.085965871810913086e+00;-5.218537807464599609e+00
-3.826742649078369141e+00;-7.990922331809997559e-01
1.650643348693847656e+00;-1.152910351753234863e+00
-3.308273792266845703e+00;-8.859786987304687500e-01
2.076397180557250977e+00;-4.438705921173095703e+00
-5.356548309326171875e+00;-1.937662959098815918e-01
2.489657163619995117e+00;-1.661816835403442383e+00
2.847805976867675781e+00;-1.059607982635498047e+00
2.959208726882934570e+00;3.146229982376098633e-01
-5.766544818878173828e+00;-1.198148488998413086e+00
8.123469352722167969e-01;-3.723617076873779297e+00
-4.314375400543212891e+00;2.123962640762329102e-01
6.035995483398437500e-02;-1.141474962234497070e+00
-4.328335285186767578e+00;-1.269440054893493652e+00
2.280299663543701172e+00;-5.613478183746337891e+00
-5.906592369079589844e+00;8.338733911514282227e-01
-3.066413879394531250e+00;-1.228297829627990723e+00
-6.025481700897216797e+00;-1.620367884635925293e+00
2.111394405364990234e+00;-3.098628044128417969e+00
1.660325765609741211e+00;-1.116135597229003906e+00
4.095138549804687500e+00;9.545701742172241211e-02
-1.018364429473876953e-01;-7.248161315917968750e+00
2.043957710266113281e+00;7.998166084289550781e-01
1.770386695861816406e-01;-1.056443810462951660e+00
1.432901382446289062e+00;-1.466130852699279785e+00
3.412359952926635742e-01;-5.152768135070800781e+00
2.607394218444824219e+00;-5.239677906036376953e+00
1.062812328338623047e+00;-5.220193386077880859e+00
-6.809009552001953125e+00;-4.445457458496093750e+00
2.112899065017700195e+00;-1.043261766433715820e+00
1.356148004531860352e+00;-4.657325744628906250e+00
1.103936076164245605e+00;-5.561713218688964844e+00
7.345393896102905273e-01;-2.576720714569091797e+00
1.950232267379760742e+00;-1.319835782051086426e+00
2.679427385330200195e+00;-4.404056549072265625e+00
9.836845397949218750e-01;-7.496673464775085449e-01
2.307323217391967773e+00;-4.340275287628173828e+00
7.520986795425415039e-01;-4.695900917053222656e+00
3.078362703323364258e+00;-8.035183548927307129e-01
-5.086505889892578125e+00;-3.391851902008056641e+00
5.989044904708862305e-01;-5.449050903320312500e+00
-5.820018768310546875e+00;-1.813589096069335938e+00
-5.487805843353271484e+00;-1.729351162910461426e+00
-4.315352439880371094e+00;9.564739465713500977e-01
1.059348940849304199e+00;-1.664686203002929688e-01
2.710357189178466797e+00;-5.503447532653808594e+00
1.970016241073608398e+00;-4.674001693725585938e+00
3.594717502593994141e+00;-2.761864066123962402e-01
-2.186002731323242188e-01;-4.877730369567871094e+00
2.278329849243164062e+00;-1.172553896903991699e-01
-5.271647453308105469e+00;-7.589644193649291992e-02
3.386548995971679688e+00;-1.186709165573120117e+00
9.804087877273559570e-01;-1.470161080360412598e-01
3.910881757736206055e+00;-5.819012641906738281e+00
-3.854076623916625977e+00;-1.162588477134704590e+00
2.325992822647094727e+00;-3.877838850021362305e+00
8.600521087646484375e-02;-4.587221145629882812e+00
1.188216924667358398e+00;-4.149122714996337891e+00
-5.519373893737792969e+00;-1.132070660591125488e+00
-4.447010040283203125e+00;-1.384779572486877441e+00
2.477369546890258789e+00;-4.488131046295166016e+00
2.905690193176269531e+00;-6.787372827529907227e-01
-4.467877388000488281e+00;-5.466646552085876465e-01
1.985552072525024414e+00;-9.731228947639465332e-01
1.151419758796691895e+00;5.157690048217773438e-01
-5.076009273529052734e+00;-2.733761787414550781e+00
-4.868540287017822266e+00;-3.087733387947082520e-01
3.162140607833862305e+00;-4.921648204326629639e-01
-6.202229976654052734e+00;4.057681560516357422e-01
3.906790256500244141e+00;-1.480991840362548828e+00
3.035747051239013672e+00;-4.332745075225830078e-02
2.817330360412597656e+00;-2.911090850830078125e+00
1.145008325576782227e+00;-3.415062904357910156e+00
2.524516105651855469e+00;-4.536593437194824219e+00
-3.619000911712646484e+00;-2.449244022369384766e+00
3.060064792633056641e+00;-4.481040954589843750e+00
2.450979471206665039e+00;-6.026167392730712891e+00
-4.241020202636718750e+00;-6.722558736801147461e-01
2.508371829986572266e+00;-1.190339088439941406e+00
1.376854658126831055e+00;-3.769821405410766602e+00
-4.338605880737304688e+00;-1.721451044082641602e+00
2.459007978439331055e+00;-8.743806481361389160e-01
1.800601959228515625e+00;-4.847788810729980469e-02
1.843823194503784180e-01;-5.014506816864013672e+00
3.240922927856445312e+00;-6.209716320037841797e+00
4.209312200546264648e-01;-1.626598834991455078e-01
2.019367694854736328e+00;-1.573562622070312500e-03
3.228127241134643555e+00;-3.388020396232604980e-01
-5.906087875366210938e+00;-2.796769738197326660e-01
2.574453830718994141e+00;-4.786749839782714844e+00
2.343700408935546875e+00;-5.568809509277343750e+00
6.802259683609008789e-01;-5.765536308288574219e+00
1.944076180458068848e+00;-1.376243114471435547e+00
1.191596269607543945e+00;-4.161996364593505859e+00
-6.214178085327148438e+00;-6.712354421615600586e-01
1.348137736320495605e+00;-4.121631145477294922e+00
-4.887438774108886719e+00;-2.262633085250854492e+00
1.881766080856323242e+00;9.564220905303955078e-03
2.275177717208862305e+00;-5.572088360786437988e-01
7.880896329879760742e-01;-4.745907783508300781e+00
-6.181364536285400391e+00;-9.648810029029846191e-01
-4.694087982177734375e+00;-7.652660608291625977e-01
1.523402571678161621e+00;-3.495447874069213867e+00
-2.210805416107177734e-01;-3.114775657653808594e+00
2.678658485412597656e+00;4.909311532974243164e-01
3.465882301330566406e+00;6.800601482391357422e-01
-4.322632789611816406e+00;-1.657094955444335938e-01
-5.239485740661621094e+00;-7.482343912124633789e-02
1.950673699378967285e+00;-3.166842222213745117e+00
3.376970291137695312e+00;2.086293697357177734e-02
-5.625906467437744141e+00;-1.265852093696594238e+00
-7.237793922424316406e+00;2.279441356658935547e-01
-4.439377784729003906e+00;5.299355983734130859e-01
-5.975715160369873047e+00;-6.796380877494812012e-01
-3.439282655715942383e+00;-1.680230498313903809e+00
-5.269407749176025391e+00;-7.341659069061279297e-01
2.079867601394653320e+00;-1.033726930618286133e+00
3.880013465881347656e+00;-3.077079296112060547e+00
1.800040245056152344e+00;-3.734535694122314453e+00
1.767004013061523438e+00;-4.312846183776855469e+00
3.142478704452514648e+00;-5.705204963684082031e+00
-1.305383443832397461e-01;-2.317704677581787109e+00
-3.868918418884277344e+00;-1.109738230705261230e+00
3.059396982192993164e+00;-6.857993006706237793e-01
1.491459250450134277e+00;-3.213939666748046875e+00
-4.295552253723144531e+00;-1.860637664794921875e+00
1.374274015426635742e+00;-5.217952728271484375e+00
1.208213329315185547e+00;-4.991261005401611328e+00
-6.410903930664062500e+00;2.910891771316528320e-01
-5.251466751098632812e+00;-2.374379634857177734e+00
-1.195844411849975586e-01;-4.384457588195800781e+00
3.322229385375976562e-01;-4.080677032470703125e+00
1.008564233779907227e+00;-2.760905265808105469e+00
-2.952111244201660156e+00;-1.207717895507812500e+00
-5.617247104644775391e+00;-1.533321619033813477e+00
-3.834743499755859375e+00;-2.537993669509887695e+00
2.399462461471557617e+00;-4.235117435455322266e-01
-4.321074008941650391e+00;-9.641259908676147461e-01
3.216510772705078125e+00;-3.908929228782653809e-01
1.414780139923095703e+00;-4.590394496917724609e+00
-5.482483863830566406e+00;-2.631879448890686035e-01
-6.524439334869384766e+00;-1.031986117362976074e+00
2.561612606048583984e+00;-2.207288026809692383e+00
-5.301722526550292969e+00;-8.107097148895263672e-01
1.885564088821411133e+00;-1.886132001876831055e+00
3.543223142623901367e+00;-1.873636603355407715e+00
2.690375804901123047e+00;-5.454194068908691406e+00
3.127595901489257812e+00;-3.576369285583496094e+00
1.798580765724182129e+00;-4.283037185668945312e+00
2.419596910476684570e+00;6.579513549804687500e-01
-3.929790973663330078e+00;-2.074010133743286133e+00
1.945198893547058105e+00;-5.824560165405273438e+00
-5.589449405670166016e+00;-2.750734329223632812e+00
-3.524155855178833008e+00;-4.852038621902465820e-02
-5.553954124450683594e+00;-1.750651001930236816e+00
1.240847110748291016e+00;-1.969689130783081055e-02
2.272394418716430664e+00;-4.252121925354003906e+00
3.881855487823486328e+00;-1.129463434219360352e+00
2.123246192932128906e-01;-3.036190271377563477e+00
-6.195461750030517578e+00;-1.087142229080200195e+00
9.844435453414916992e-01;-4.769535660743713379e-01
1.224994897842407227e+00;-2.676770687103271484e+00
1.410892724990844727e+00;-5.843494892120361328e+00
4.147275924682617188e+00;-4.054476261138916016e+00
2.213191986083984375e+00;-2.957668781280517578e+00
3.472245216369628906e+00;2.562280893325805664e-01
-6.338866233825683594e+00;-2.957689762115478516e-01
-2.367759466171264648e+00;-1.719007015228271484e+00
1.933951377868652344e-01;-5.699242591857910156e+00
1.058153748512268066e+00;-4.740698814392089844e+00
-5.053611278533935547e+00;-1.059865474700927734e+00
2.380270719528198242e+00;-1.124612689018249512e+00
-5.874190330505371094e+00;3.611116409301757812e-01
-3.412055492401123047e+00;-1.722413897514343262e-01
-5.259239673614501953e+00;-1.507822513580322266e+00
9.384254217147827148e-01;-1.584799528121948242e+00
-4.055664062500000000e+00;-9.203183650970458984e-02
4.264634847640991211e-01;-4.310774326324462891e+00
-5.172233581542968750e+00;-1.900735020637512207e+00
-5.710094928741455078e+00;-1.922414779663085938e+00
1.072555780410766602e+00;-4.470207691192626953e+00
-5.776212215423583984e+00;-1.520535469055175781e+00
2.057591915130615234e+00;-2.808389663696289062e+00
5.853372812271118164e-01;-4.158387184143066406e+00
-5.372995853424072266e+00;-1.080658555030822754e+00
-4.982362270355224609e+00;-2.135647773742675781e+00
-3.527873516082763672e+00;-7.160784006118774414e-01
2.756313562393188477e+00;-5.699333667755126953e+00
3.411381483078002930e+00;-5.279069423675537109e+00
2.434628963470458984e+00;-6.205139160156250000e-01
3.114749431610107422e+00;-7.790708541870117188e-01
2.095023870468139648e+00;1.468539237976074219e-03
-2.796906709671020508e+00;-1.930252909660339355e-01
2.338160276412963867e+00;-2.799648046493530273e-02
2.012340068817138672e+00;-1.691875934600830078e+00
3.379196166992187500e+00;-2.406445980072021484e+00
2.040461063385009766e+00;-5.047499656677246094e+00
-3.015914440155029297e+00;1.098725557327270508e+00
-5.255919456481933594e+00;-2.831146717071533203e+00
-6.339422225952148438e+00;-7.424525618553161621e-01
2.791517257690429688e+00;-3.931810617446899414e+00
-5.188185691833496094e+00;4.396429061889648438e-01
-4.412903785705566406e+00;-1.930375814437866211e+00
3.347765922546386719e+00;-5.474560260772705078e+00
2.589397907257080078e+00;-1.043901801109313965e+00
3.162505626678466797e+00;-1.935135722160339355e-01
-7.357889175415039062e+00;1.538580656051635742e-01
-7.269058227539062500e+00;-1.547687530517578125e+00
8.495919704437255859e-01;-2.016450405120849609e+00
-5.736703872680664062e+00;-1.462255954742431641e+00
4.243593215942382812e-01;5.249710083007812500e-01
2.948745965957641602e+00;-1.252278685569763184e+00
1.428385972976684570e+00;-2.841043472290039062e-02
2.170835494995117188e+00;-4.918891906738281250e+00
1.302605032920837402e+00;-3.212599754333496094e+00
1.607730388641357422e+00;9.327584505081176758e-02
2.199686288833618164e+00;-7.934224009513854980e-01
1.820885062217712402e+00;-3.966385722160339355e-01
3.140543699264526367e-01;-8.117712736129760742e-01
1.968160629272460938e+00;-3.499938011169433594e+00
1.981793642044067383e+00;-4.971512794494628906e+00
-5.157843589782714844e+00;-1.766018033027648926e+00
-6.130866050720214844e+00;-2.503288745880126953e+00
-5.099338531494140625e+00;-1.556940317153930664e+00
2.526534318923950195e+00;-5.678294181823730469e+00
-6.649613380432128906e-03;-2.965909004211425781e+00
4.478072166442871094e+00;5.136928558349609375e-01
1.939460635185241699e+00;-4.020794868469238281e+00
2.631906032562255859e+00;-4.735454082489013672e+00
-4.634917259216308594e+00;-3.837242126464843750e-01
-5.531967639923095703e+00;-2.052260398864746094e+00
1.724185585975646973e+00;3.913140296936035156e-02
1.043538808822631836e+00;-4.889446258544921875e+00
1.848946571350097656e+00;-4.230716705322265625e+00
-6.142360687255859375e+00;1.301807165145874023e+00
3.583148479461669922e+00;-2.068311572074890137e-01
-6.603128433227539062e+00;-2.790821075439453125e+00
1.040446281433105469e+00;-4.952690601348876953e+00
4.013780593872070312e+00;-8.076311349868774414e-01
-4.782739639282226562e+00;6.665319204330444336e-01
-4.803815364837646484e+00;-9.486186504364013672e-02
1.858700275421142578e+00;-4.911114215850830078e+00
8.209333419799804688e-01;-3.690961122512817383e+00
1.524669289588928223e+00;-4.821063518524169922e+00
-3.077381610870361328e+00;-2.110218524932861328e+00
-4.371875762939453125e+00;1.533697128295898438e+00
-4.998298168182373047e+00;-2.400889158248901367e+00
2.979648590087890625e+00;-5.740831375122070312e+00
2.845482826232910156e+00;-2.675709724426269531e+00
2.184108734130859375e+00;-4.535335540771484375e+00
-4.261919021606445312e+00;-1.691850423812866211e+00
7.483993768692016602e-01;-5.140111446380615234e+00
-5.784484863281250000e+00;-5.095518231391906738e-01
2.272135734558105469e+00;-3.950153589248657227e+00
-4.324818611145019531e+00;-1.655776023864746094e+00
3.595194816589355469e+00;-3.496130943298339844e+00
1.498577117919921875e+00;-1.476886034011840820e+00
1.506629467010498047e+00;1.034786820411682129e+00
-3.745913028717041016e+00;-1.038843989372253418e+00
1.560376405715942383e+00;-4.030922412872314453e+00
1.776281356811523438e+00;-1.112629890441894531e+00
2.336446046829223633e+00;-7.772892713546752930e-01
-6.252404689788818359e+00;2.017867565155029297e-01
-4.532754898071289062e+00;-2.752872109413146973e-01
-5.469944953918457031e+00;-2.222559213638305664e+00
1.426132202148437500e+00;-1.355957508087158203e+00
3.921176433563232422e+00;3.930963277816772461e-01
1.309581756591796875e+00;-5.745936870574951172e+00
-5.699702262878417969e+00;-4.074567556381225586e-01
2.917804479598999023e+00;-1.928051710128784180e+00
2.767586708068847656e+00;-6.892865896224975586e-02
1.564062356948852539e+00;-4.716949462890625000e+00
1.785376787185668945e+00;-1.910689234733581543e+00
1.886301994323730469e+00;-4.478704929351806641e+00
3.590429306030273438e+00;-1.073809862136840820e+00
-4.741578578948974609e+00;-3.304997444152832031e+00
1.224933981895446777e+00;-1.338201165199279785e-01
-4.270365238189697266e+00;-2.722395420074462891e+00
-5.083854198455810547e+00;-1.867189049720764160e+00
3.603497982025146484e+00;-3.423884391784667969e+00
1.095119357109069824e+00;-3.222461938858032227e+00
1.067939877510070801e+00;-4.043621063232421875e+00
7.450364828109741211e-01;-4.428636550903320312e+00
2.964821577072143555e+00;-5.234107971191406250e+00
1.676896810531616211e+00;5.255162715911865234e-01
3.648663043975830078e+00;5.588068962097167969e-01
3.386009693145751953e+00;-5.086888790130615234e+00
2.569546937942504883e+00;-2.677156925201416016e+00
-6.019036293029785156e+00;-1.718398690223693848e+00
-5.424293518066406250e+00;-1.651657581329345703e+00
-6.159043312072753906e+00;-1.109373569488525391e+00
2.347062587738037109e+00;-7.400597333908081055e-01
-5.402445793151855469e+00;3.470754623413085938e-01
-6.792911052703857422e+00;-1.485096812248229980e+00
-5.475792884826660156e+00;-1.253901243209838867e+00
1.090344667434692383e+00;-4.218832969665527344e+00
-3.141820430755615234e-02;-3.770384788513183594e+00
-2.908113002777099609e-01;-4.248926162719726562e+00
3.069228172302246094e+00;-3.195664405822753906e+00
3.094835281372070312e+00;-2.597338676452636719e+00
3.037227630615234375e+00;-5.776124000549316406e+00
9.923661947250366211e-01;-5.369325160980224609e+00
8.318346738815307617e-01;-6.829726696014404297e-01
-4.475604057312011719e+00;2.707092761993408203e-01
2.114053964614868164e+00;-4.665758609771728516e+00
2.725665092468261719e+00;-1.601163148880004883e+00
2.544167041778564453e+00;-5.804130077362060547e+00
1.901154279708862305e+00;-1.021792531013488770e+00
1.557095170021057129e+00;-6.047428131103515625e+00
2.267100095748901367e+00;-3.514313936233520508e+00
1.552633285522460938e+00;6.305903196334838867e-02
-5.374047756195068359e+00;-1.576287984848022461e+00
2.892302513122558594e+00;-3.938762187957763672e+00
-4.944396972656250000e+00;-1.828445792198181152e+00
-4.408545017242431641e+00;5.895359516143798828e-01
1.609786272048950195e+00;-4.510141372680664062e+00
2.915265083312988281e+00;-5.757153511047363281e+00
2.881550788879394531e-02;-5.026049137115478516e+00
-4.588340759277343750e+00;-1.989748120307922363e+00
2.975809574127197266e+00;-2.007555365562438965e-01
1.221026062965393066e+00;-4.484193325042724609e+00
2.229772567749023438e+00;-9.719600081443786621e-01
-3.983509302139282227e+00;-7.360965013504028320e-02
1.636039733886718750e+00;-5.221402168273925781e+00
-3.311617851257324219e+00;-4.544313549995422363e-01
2.164331436157226562e+00;-4.522261619567871094e+00
1.484411478042602539e+00;-5.452348709106445312e+00
6.871739625930786133e-01;-5.175927639007568359e+00
1.575195431709289551e+00;-4.832278251647949219e+00
-5.654565334320068359e+00;-1.332531571388244629e-01
7.076264619827270508e-01;-3.912777304649353027e-01
2.027433872222900391e+00;5.416197776794433594e-01
1.940111160278320312e+00;-1.492409706115722656e+00
-4.395588874816894531e+00;-3.364233493804931641e+00
2.510836839675903320e+00;-1.521681547164916992e+00
-5.575263977050781250e+00;-1.182543873786926270e+00
4.209899902343750000e+00;-3.459243774414062500e+00
1.913352489471435547e+00;-1.696297168731689453e+00
4.001852035522460938e+00;-8.323824405670166016e-02
-6.184031009674072266e+00;-6.076169610023498535e-01
3.339961051940917969e+00;-3.005427122116088867e+00
-5.822695255279541016e+00;6.259799003601074219e-02
-3.548520088195800781e+00;-1.074307560920715332e+00
3.057856559753417969e-01;-3.393362045288085938e+00
-6.021985530853271484e+00;-2.386479616165161133e+00
6.797984838485717773e-01;-4.848769187927246094e+00
1.771989703178405762e+00;8.410173654556274414e-02
2.051782846450805664e+00;-4.408730983734130859e+00
-5.168442249298095703e+00;-5.538790822029113770e-01
-4.526488304138183594e+00;-5.762702822685241699e-01
3.254555702209472656e+00;5.528026819229125977e-01
3.919553756713867188e+00;-6.176125407218933105e-01
1.847118020057678223e+00;-4.880703449249267578e+00
2.398950338363647461e+00;-1.590733289718627930e+00
1.142563343048095703e+00;-3.861652612686157227e+00
1.942990303039550781e+00;4.828380346298217773e-01
1.925459861755371094e+00;-5.167320966720581055e-01
2.583535909652709961e+00;-5.437248945236206055e-01
2.162446498870849609e+00;-3.727961540222167969e+00
-5.170031547546386719e+00;-1.757910847663879395e+00
2.784857273101806641e+00;-1.370740413665771484e+00
2.565146446228027344e+00;-4.610210895538330078e+00
8.273738622665405273e-01;-4.948067665100097656e+00
-5.556763172149658203e+00;6.475766897201538086e-01
-6.221011161804199219e+00;-1.361891031265258789e-01
2.614679813385009766e+00;-1.810071229934692383e+00
1.833132863044738770e+00;-7.959849238395690918e-01
2.205064058303833008e+00;-1.076263308525085449e+00
1.614381909370422363e+00;-2.431091070175170898e+00
2.094046592712402344e+00;-1.669842958450317383e+00
2.078264236450195312e+00;-2.501223564147949219e+00
2.301033735275268555e+00;-1.381393432617187500e+00
3.590277433395385742e-01;-1.974129796028137207e+00
3.208497762680053711e-01;-2.862745761871337891e+00
1.189127326011657715e+00;1.002334952354431152e-01
2.043156147003173828e+00;-4.522336959838867188e+00
1.598567008972167969e+00;-2.014556646347045898e+00
1.912374138832092285e+00;-1.102046608924865723e+00
1.511426448822021484e+00;-6.119704246520996094e+00
3.672615051269531250e+00;-4.398585319519042969e+00
-6.654839992523193359e+00;3.932740688323974609e-01
4.501507282257080078e-01;-5.529123306274414062e+00
2.409189462661743164e+00;7.472923994064331055e-01
2.000929594039916992e+00;-5.787869095802307129e-01
-5.257112503051757812e+00;-5.098048448562622070e-01
3.836914062500000000e+00;-4.869595050811767578e+00
-5.753253459930419922e+00;-1.462803006172180176e+00
3.368787288665771484e+00;3.697944879531860352e-01
1.768224835395812988e+00;-5.052846670150756836e-02
2.090127706527709961e+00;2.130098342895507812e-01
-4.855968475341796875e+00;1.563955545425415039e-01
3.215486049652099609e+00;5.287339687347412109e-01
-3.260427951812744141e+00;-1.008652448654174805e-01
3.182647943496704102e+00;-3.287642002105712891e-01
-4.302459716796875000e+00;4.453480243682861328e-02
-2.794793367385864258e+00;-6.952527165412902832e-01
1.739107728004455566e+00;-5.310962677001953125e+00
1.273528456687927246e+00;-9.492263197898864746e-01
-4.403856277465820312e+00;-4.422041177749633789e-01
-5.097000598907470703e+00;-2.474599123001098633e+00
2.630408525466918945e+00;-2.610099911689758301e-01
-4.777984142303466797e+00;-9.045962095260620117e-01
2.111369132995605469e+00;-3.666801214218139648e+00
-3.812569141387939453e+00;-2.010343074798583984e+00
-5.028746604919433594e+00;-1.408297777175903320e+00
-3.964502811431884766e+00;-1.729267835617065430e-02
1.055605053901672363e+00;-2.859689712524414062e+00
2.478855371475219727e+00;-6.885963678359985352e-01
1.661705493927001953e+00;-7.658348083496093750e-01
-4.410964012145996094e+00;5.148464441299438477e-01
-5.085983276367187500e+00;-7.923429012298583984e-01
3.152795553207397461e+00;3.466589450836181641e-01
1.118239164352416992e+00;-4.102824687957763672e+00
2.477663755416870117e+00;-1.003580331802368164e+00
4.683486223220825195e-01;-4.964403152465820312e+00
7.662535905838012695e-01;-1.696903347969055176e+00
3.624932765960693359e+00;-3.477144241333007812e+00
3.214612960815429688e+00;-4.979709625244140625e+00
-3.681625604629516602e+00;-3.803196549415588379e-01
3.693526268005371094e+00;9.223175048828125000e-02
1.194458723068237305e+00;-4.982667446136474609e+00
2.892785549163818359e+00;-2.287329912185668945e+00
-4.378893375396728516e+00;-2.231519699096679688e+00
-4.406142711639404297e+00;-1.306073188781738281e+00
2.582407712936401367e+00;-2.250232100486755371e-01
1.824218750000000000e+00;-3.715441942214965820e+00
-3.096708774566650391e+00;-1.305205702781677246e+00
3.734551668167114258e+00;-1.867905259132385254e+00
-4.123574256896972656e+00;-1.996102213859558105e+00
2.771509170532226562e+00;-9.878911972045898438e-01
3.371597766876220703e+00;-1.819557189941406250e+00
-5.420806407928466797e+00;-1.682338118553161621e+00
-5.986817836761474609e+00;-1.232870101928710938e+00
-6.009808540344238281e+00;9.388509988784790039e-01
-4.823884963989257812e+00;-4.263517856597900391e-01
6.144384145736694336e-01;-8.375216126441955566e-01
-7.457017898559570312e-01;4.460471868515014648e-01
2.229598522186279297e+00;-4.591378688812255859e+00
2.722299098968505859e+00;-3.099158525466918945e+00
-6.060261249542236328e+00;6.694400310516357422e-02
1.668526887893676758e+00;-3.304624795913696289e+00
1.315483331680297852e+00;-3.102469205856323242e+00
3.834332466125488281e+00;6.714761257171630859e-02
2.422590970993041992e+00;-1.122464895248413086e+00
2.067965507507324219e+00;-3.184760332107543945e+00
-4.963798046112060547e+00;-2.201832532882690430e+00
9.514770507812500000e-01;-1.855918169021606445e+00
-5.657730102539062500e+00;-1.085305094718933105e+00
2.380833148956298828e+00;-4.342898845672607422e+00
9.175846576690673828e-01;-6.926605224609375000e+00
-3.531215190887451172e-01;-2.321809768676757812e+00
-4.662179946899414062e-02;-9.852194786071777344e-01
-2.679290771484375000e+00;-1.676783323287963867e+00
-2.809404373168945312e+00;-2.627218961715698242e+00
2.386731386184692383e+00;-1.989494562149047852e+00
-5.457521438598632812e+00;-1.048934459686279297e+00
1.042851686477661133e+00;-3.692202091217041016e+00
3.780907630920410156e+00;-6.461706757545471191e-01
2.179459095001220703e+00;-4.439417362213134766e+00
3.965206146240234375e+00;-1.198764443397521973e+00
-3.790734529495239258e+00;-1.220578074455261230e+00
1.015593886375427246e+00;-7.968693971633911133e-02
6.848706007003784180e-01;-5.460711717605590820e-01
1.536217927932739258e-01;-4.588453292846679688e+00
3.639273643493652344e-01;-1.551037311553955078e+00
-5.124438762664794922e+00;5.026197433471679688e-02
-5.878918647766113281e+00;-9.085245728492736816e-01
2.276957750320434570e+00;-3.062894344329833984e+00
1.763931035995483398e+00;-5.240964889526367188e+00
1.657563924789428711e+00;-4.913981437683105469e+00
-4.028365135192871094e+00;5.741810798645019531e-02
-9.606385231018066406e-02;-5.597395420074462891e+00
-4.805517196655273438e-01;-4.394228935241699219e+00
3.218465089797973633e+00;1.596762418746948242e+00
9.026674032211303711e-01;-5.592326164245605469e+00
1.342996835708618164e+00;-8.834694027900695801e-01
-3.774731636047363281e+00;-1.042513847351074219e+00
5.388256311416625977e-01;-3.424300670623779297e+00
1.683334946632385254e+00;1.211848020553588867e+00
-4.312042236328125000e+00;4.038403034210205078e-01
3.171859741210937500e+00;-6.117302894592285156e+00
2.738167285919189453e+00;-1.455642461776733398e+00
-4.823752880096435547e+00;1.455124616622924805e-01
2.231790781021118164e+00;-2.480832099914550781e+00
-5.266145229339599609e+00;-1.937935590744018555e+00
2.416857957839965820e+00;-4.820560932159423828e+00
1.720909118652343750e+00;-3.930194854736328125e+00
3.669949531555175781e+00;-1.355369329452514648e+00
1.486921668052673340e+00;-1.553148269653320312e+00
2.755389451980590820e+00;-1.186274051666259766e+00
1.836439609527587891e+00;-3.700315475463867188e+00
-3.721251487731933594e+00;-7.598844766616821289e-01
2.866926670074462891e+00;-4.586203098297119141e+00
-3.155446052551269531e+00;-1.816765308380126953e+00
1.313286662101745605e+00;-4.229485034942626953e+00
-4.023235797882080078e+00;-1.693314552307128906e+00
-5.760971546173095703e+00;9.679782390594482422e-02
3.300164699554443359e+00;-5.266531944274902344e+00
2.027928352355957031e+00;-5.723129272460937500e+00
1.386946678161621094e+00;-3.584797382354736328e+00
7.279267311096191406e-01;-5.679301261901855469e+00
-5.580029010772705078e+00;-1.261041641235351562e+00
1.075615286827087402e+00;-4.379098415374755859e+00
2.188031673431396484e+00;-4.862118721008300781e+00
2.747611522674560547e+00;-6.053732633590698242e-01
1.004258513450622559e+00;4.880076646804809570e-02
-4.585092544555664062e+00;-1.312443852424621582e+00
1.353449344635009766e+00;4.948258399963378906e-02
1.754203677177429199e+00;-3.381007909774780273e+00
1.298966646194458008e+00;-1.253494739532470703e+00
1.685242056846618652e+00;-5.754063606262207031e+00
-3.930255413055419922e+00;-1.859499812126159668e+00
4.612440109252929688e+00;-3.596919059753417969e+00
-5.092707157135009766e+00;4.007978439331054688e-01
1.468558311462402344e-01;-3.531626939773559570e+00
2.570076465606689453e+00;-5.233280658721923828e+00
-4.658472061157226562e+00;-2.412845611572265625e+00
9.990972876548767090e-01;-4.710017204284667969e+00
-4.259152889251708984e+00;-1.906251430511474609e+00
1.513214826583862305e+00;-4.829575538635253906e+00
3.151033163070678711e+00;-1.238740205764770508e+00
8.187747001647949219e-01;-4.571418762207031250e+00
3.172343730926513672e+00;-4.751626551151275635e-01
1.899434804916381836e+00;-1.685661554336547852e+00
9.508566856384277344e-01;-1.953893661499023438e+00
-4.527612686157226562e+00;-2.368607997894287109e+00
-5.930936336517333984e+00;-8.679852485656738281e-01
-5.297104358673095703e+00;-1.993695259094238281e+00
-3.960020542144775391e-01;-4.998431682586669922e+00
2.020429372787475586e+00;-9.910569190979003906e-01
-4.954226016998291016e+00;-1.638661623001098633e+00
2.029736518859863281e+00;-1.404377937316894531e+00
-6.075060367584228516e+00;-1.522345900535583496e+00
2.881651878356933594e+00;-6.757636666297912598e-01
2.724541425704956055e+00;-1.883368253707885742e+00
1.129653096199035645e+00;-4.991577148437500000e+00
-4.512070178985595703e+00;-5.799995660781860352e-01
1.029813051223754883e+00;-2.665852904319763184e-01
1.746504664421081543e+00;-3.815509796142578125e+00
9.708263874053955078e-01;-5.076479315757751465e-01
3.590764045715332031e+00;-2.181592226028442383e+00
-3.813864707946777344e+00;-1.440832018852233887e+00
3.414363384246826172e+00;-3.914559125900268555e+00
2.267204761505126953e+00;-5.037878036499023438e+00
-4.469244480133056641e+00;-9.660924673080444336e-01
-4.602825164794921875e+00;-9.219838976860046387e-01
2.564463615417480469e+00;-3.876433610916137695e+00
1.068819999694824219e+00;-1.268435120582580566e-01
4.072916507720947266e-02;-5.199531555175781250e+00
1.812059640884399414e+00;-3.957522153854370117e+00
-3.631092309951782227e+00;-2.734190821647644043e-01
2.243005037307739258e-01;-4.871193408966064453e+00
-5.403853416442871094e+00;9.152412414550781250e-03
1.610790014266967773e+00;-4.120430052280426025e-01
2.693017005920410156e+00;-4.464937210083007812e+00
-5.909967899322509766e+00;-3.311560153961181641e-01
2.015523910522460938e+00;-1.346015810966491699e+00
1.555739641189575195e+00;-3.651800632476806641e+00
1.268620967864990234e+00;-4.292329788208007812e+00
-5.052834033966064453e+00;7.809746265411376953e-02
5.941760540008544922e-02;-3.819921016693115234e+00
-6.362025737762451172e+00;-1.257091879844665527e+00
3.647348880767822266e+00;1.382448196411132812e+00
-4.305218219757080078e+00;-1.247930169105529785e+00
-4.873582363128662109e+00;5.851956605911254883e-01
-5.392553806304931641e+00;-9.145523309707641602e-01
-3.195983409881591797e+00;-3.762266039848327637e-01
2.033302783966064453e+00;-5.975067138671875000e+00
2.290793418884277344e+00;-7.780427932739257812e-01
-7.058002471923828125e+00;-9.586224555969238281e-01
-4.822196960449218750e-01;-7.950778007507324219e-01
3.499000787734985352e+00;-1.446658372879028320e+00
2.302489042282104492e+00;-3.830335140228271484e+00
-5.084678649902343750e+00;6.571213006973266602e-01
1.667458534240722656e+00;8.579066991806030273e-01
2.489497661590576172e+00;-6.412741541862487793e-01
1.380625486373901367e+00;-5.578091621398925781e+00
1.074240446090698242e+00;-4.221941947937011719e+00
2.577095270156860352e+00;-4.950993061065673828e+00
4.995418548583984375e+00;7.507971525192260742e-01
2.662688255310058594e+00;-3.318237781524658203e+00
-2.801280498504638672e+00;-1.512445569038391113e+00
5.964659452438354492e-01;-2.993280410766601562e+00
-4.251110076904296875e+00;-1.085463166236877441e-01
-4.562078952789306641e+00;4.708708524703979492e-01
2.143903732299804688e+00;-2.493347167968750000e+00
-5.943817138671875000e+00;-7.169826030731201172e-01
1.146755933761596680e+00;-3.265532970428466797e+00
1.142128229141235352e+00;3.815306425094604492e-01
1.622794747352600098e+00;-4.981241226196289062e+00
9.015102386474609375e-01;-3.650624036788940430e+00
-5.400681495666503906e-01;-5.037462234497070312e+00
1.270442485809326172e+00;-4.394011974334716797e+00
3.126108646392822266e+00;-4.364563941955566406e+00
2.495234251022338867e+00;-4.600843906402587891e+00
2.574580907821655273e+00;2.189610004425048828e-01
3.039480209350585938e+00;-3.944651126861572266e+00
1.679925799369812012e+00;-3.052883148193359375e+00
2.445402145385742188e+00;3.792185783386230469e-01
1.841626524925231934e+00;-6.111263632774353027e-01
1.812544107437133789e+00;-4.934496879577636719e+00
1.557206153869628906e+00;-1.061220049858093262e+00
5.132652521133422852e-01;-6.262398242950439453e+00
-4.223224639892578125e+00;-3.791942358016967773e+00
2.239525556564331055e+00;-2.411511898040771484e+00
-6.243395805358886719e+00;3.771432638168334961e-01
-5.378326892852783203e+00;-1.516790390014648438e+00
1.786359190940856934e+00;-6.910539865493774414e-01
1.679562926292419434e+00;-6.066243171691894531e+00
